=~=~=~=~=~=~=~=~=~=~=~= PuTTY log 2023.11.04 17:51:06 =~=~=~=~=~=~=~=~=~=~=~=
7�'�3�1969, 0
1754, 0
1559, 0
1408, 0
1295, 0
1226, 0
1200, 0
1201, 0
1230, 0
1274, 0
1327, 0
1393, 0
1456, 0
1510, 0
1558, 0
1589, 0
1615, 0
1616, 0
1623, 0
1609, 0
1601, 0
1591, 0
1574, 0
1564, 0
1552, 0
1535, 0
1533, 0
1527, 0
1515, 0
1509, 0
1507, 0
1501, 0
1488, 0
1487, 0
1485, 0
1488, 0
1492, 0
1497, 0
1501, 0
1488, 0
1489, 0
1493, 0
1501, 1
1488, 1
1491, 1
1501, 1
1511, 1
1526, 1
1545, 1
1582, 1
1648, 1
1761, 1
1930, 1
2134, 1
2362, 1
2592, 1
2794, 1
2999, 1
3152, 1
3233, 1
3235, 1
3161, 1
3047, 1
2895, 1
2736, 1
2575, 1
2407, 1
2254, 1
2112, 1
1961, 1
1830, 1
1687, 1
1569, 1
1472, 1
1405, 1
1363, 1
1345, 1
1356, 1
1391, 1
1425, 1
1467, 1
1518, 1
1563, 1
1597, 1
1629, 1
1631, 1
1635, 1
1641, 1
1629, 1
1616, 1
1599, 1
1584, 1
1559, 1
1525, 1
1516, 1
1488, 1
1481, 1
1465, 1
1456, 1
1456, 1
1458, 1
1463, 1
1479, 1
1488, 1
1491, 1
1503, 1
1504, 1
1518, 1
1535, 1
1535, 1
1552, 1
1552, 1
1561, 1
1566, 1
1569, 1
1557, 1
1561, 1
1563, 1
1581, 1
1613, 1
1683, 1
1821, 1
2005, 1
2221, 1
2435, 1
2677, 1
2908, 1
3135, 1
3313, 1
3426, 1
3441, 1
3370, 1
3226, 1
3053, 1
2879, 1
2693, 1
2521, 1
2369, 1
2209, 1
2064, 1
1908, 1
1776, 1
1645, 2
1534, 2
1456, 2
1406, 2
1392, 2
1405, 2
1430, 2
1466, 2
1520, 2
1569, 2
1610, 2
1645, 2
1671, 2
1680, 2
1691, 2
1687, 2
1679, 2
1674, 2
1664, 2
1650, 2
1646, 2
1631, 2
1611, 2
1601, 2
1584, 2
1568, 2
1558, 2
1545, 2
1525, 2
1511, 2
1505, 2
1505, 2
1490, 2
1479, 2
1466, 2
1452, 2
1445, 2
1459, 2
1472, 2
1485, 2
1515, 2
1575, 2
1680, 2
1837, 2
2035, 2
2271, 2
2514, 2
2766, 2
2996, 2
3211, 2
3358, 2
3415, 2
3392, 2
3274, 2
3120, 2
2954, 2
2778, 2
2635, 2
2480, 2
2341, 2
2195, 2
2055, 2
1914, 2
1779, 2
1668, 2
1563, 2
1474, 2
1421, 2
1381, 2
1365, 2
1377, 2
1403, 2
1441, 2
1481, 2
1529, 2
1570, 2
1600, 2
1618, 2
1628, 2
1644, 2
1635, 2
1630, 2
1616, 2
1605, 2
1589, 2
1570, 2
1553, 2
1546, 2
1531, 2
1520, 2
1521, 2
1520, 2
1521, 2
1513, 2
1509, 2
1495, 2
1490, 2
1498, 2
1489, 2
1495, 2
1506, 3
1533, 3
1566, 3
1610, 3
1712, 3
1857, 3
2055, 3
2284, 3
2517, 3
2777, 3
3001, 3
3210, 3
3344, 3
3395, 3
3361, 3
3247, 3
3105, 3
2951, 3
2783, 3
2617, 3
2454, 3
2313, 3
2169, 3
2022, 3
1877, 3
1746, 3
1626, 3
1521, 3
1451, 3
1401, 3
1381, 3
1392, 3
1411, 3
1447, 3
1490, 3
1543, 3
1584, 3
1627, 3
1651, 3
1658, 3
1666, 3
1657, 3
1642, 3
1617, 3
1601, 3
1578, 3
1569, 3
1552, 3
1534, 3
1527, 3
1525, 3
1521, 3
1509, 3
1510, 3
1510, 3
1504, 3
1495, 3
1490, 3
1476, 3
1468, 3
1484, 3
1488, 3
1494, 3
1501, 3
1520, 3
1571, 3
1659, 3
1796, 3
1973, 3
2193, 3
2441, 3
2697, 3
2937, 3
3180, 3
3365, 3
3503, 3
3503, 3
3429, 3
3311, 3
3151, 3
2982, 3
2817, 3
2657, 3
2496, 3
2353, 3
2199, 3
2046, 3
1902, 3
1767, 3
1648, 3
1569, 3
1495, 3
1469, 3
1451, 3
1455, 3
1477, 3
1509, 3
1555, 3
1602, 3
1628, 3
1647, 4
1654, 4
1655, 4
1650, 4
1639, 4
1619, 4
1604, 4
1587, 4
1571, 4
1564, 4
1571, 4
1555, 4
1554, 4
1554, 4
1545, 4
1520, 4
1513, 4
1515, 4
1513, 4
1517, 4
1499, 4
1503, 4
1502, 4
1500, 4
1503, 4
1515, 4
1514, 4
1530, 4
1566, 4
1642, 4
1766, 4
1936, 4
2151, 4
2399, 4
2663, 4
2931, 4
3201, 4
3435, 4
3615, 4
3686, 4
3632, 4
3491, 4
3312, 4
3120, 4
2933, 4
2774, 4
2615, 4
2467, 4
2320, 4
2161, 4
1999, 4
1842, 4
1715, 4
1599, 4
1520, 4
1466, 4
1435, 4
1429, 4
1442, 4
1471, 4
1514, 4
1546, 4
1577, 4
1602, 4
1628, 4
1638, 4
1638, 4
1638, 4
1635, 4
1627, 4
1605, 4
1589, 4
1565, 4
1535, 4
1524, 4
1519, 4
1514, 4
1520, 4
1508, 4
1495, 4
1496, 4
1495, 4
1492, 4
1488, 4
1483, 4
1484, 4
1488, 4
1494, 4
1499, 4
1501, 4
1503, 4
1511, 4
1522, 4
1557, 4
1619, 4
1743, 4
1923, 4
2151, 4
2400, 4
2678, 4
2954, 5
3231, 5
3470, 5
3650, 5
3719, 5
3671, 5
3510, 5
3328, 5
3138, 5
2966, 5
2800, 5
2651, 5
2491, 5
2339, 5
2183, 5
2023, 5
1872, 5
1738, 5
1623, 5
1526, 5
1461, 5
1440, 5
1439, 5
1441, 5
1463, 5
1488, 5
1529, 5
1564, 5
1587, 5
1603, 5
1621, 5
1617, 5
1613, 5
1603, 5
1587, 5
1582, 5
1559, 5
1544, 5
1527, 5
1515, 5
1501, 5
1491, 5
1488, 5
1475, 5
1475, 5
1479, 5
1483, 5
1488, 5
1486, 5
1479, 5
1471, 5
1457, 5
1459, 5
1456, 5
1463, 5
1471, 5
1481, 5
1517, 5
1587, 5
1685, 5
1831, 5
2018, 5
2250, 5
2509, 5
2782, 5
3055, 5
3319, 5
3554, 5
3697, 5
3727, 5
3653, 5
3503, 5
3319, 5
3141, 5
2973, 5
2814, 5
2667, 5
2512, 5
2369, 5
2222, 5
2064, 5
1902, 5
1754, 5
1617, 5
1520, 5
1456, 5
1417, 5
1408, 5
1415, 5
1429, 5
1452, 5
1473, 5
1493, 5
1520, 5
1552, 5
1562, 5
1563, 5
1559, 5
1557, 5
1551, 5
1549, 6
1520, 6
1507, 6
1495, 6
1491, 6
1488, 6
1486, 6
1478, 6
1466, 6
1456, 6
1456, 6
1463, 6
1457, 6
1455, 6
1456, 6
1461, 6
1471, 6
1478, 6
1473, 6
1487, 6
1473, 6
1477, 6
1475, 6
1478, 6
1486, 6
1488, 6
1495, 6
1493, 6
1485, 6
1477, 6
1479, 6
1488, 6
1490, 6
1497, 6
1518, 6
1584, 6
1684, 6
1851, 6
2069, 6
2320, 6
2609, 6
2929, 6
3279, 6
3669, 6
3982, 6
3984, 6
3997, 6
3989, 6
3990, 6
3769, 6
3503, 6
3275, 6
3075, 6
2903, 6
2749, 6
2599, 6
2442, 6
2268, 6
2107, 6
1930, 6
1773, 6
1639, 6
1529, 6
1450, 6
1394, 6
1379, 6
1378, 6
1391, 6
1415, 6
1443, 6
1473, 6
1517, 6
1535, 6
1563, 6
1567, 6
1572, 6
1579, 6
1571, 6
1566, 6
1559, 6
1547, 6
1522, 6
1525, 6
1505, 6
1490, 6
1472, 6
1457, 6
1456, 6
1453, 6
1453, 6
1446, 6
1455, 6
1456, 6
1459, 6
1463, 6
1457, 6
1466, 6
1471, 6
1472, 6
1486, 6
1486, 7
1484, 7
1475, 7
1472, 7
1459, 7
1463, 7
1469, 7
1475, 7
1494, 7
1501, 7
1532, 7
1595, 7
1705, 7
1865, 7
2064, 7
2307, 7
2570, 7
2825, 7
3067, 7
3307, 7
3478, 7
3568, 7
3574, 7
3472, 7
3312, 7
3153, 7
2981, 7
2827, 7
2694, 7
2553, 7
2418, 7
2291, 7
2147, 7
2001, 7
1860, 7
1727, 7
1616, 7
1520, 7
1454, 7
1408, 7
1386, 7
1379, 7
1388, 7
1424, 7
1456, 7
1482, 7
1507, 7
1525, 7
1535, 7
1552, 7
1563, 7
1556, 7
1552, 7
1534, 7
1519, 7
1507, 7
1497, 7
1473, 7
1458, 7
1455, 7
1448, 7
1426, 7
1419, 7
1415, 7
1420, 7
1418, 7
1431, 7
1440, 7
1446, 7
1459, 7
1472, 7
1488, 7
1494, 7
1503, 7
1507, 7
1502, 7
1501, 7
1499, 7
1495, 7
1500, 7
1491, 7
1497, 7
1490, 7
1499, 7
1498, 7
1512, 7
1523, 7
1575, 7
1680, 7
1826, 7
2015, 7
2244, 7
2495, 7
2751, 7
2992, 7
3197, 7
3367, 7
3447, 7
3410, 7
3310, 7
3161, 8
2996, 8
2841, 8
2686, 8
2533, 8
2393, 8
2252, 8
2123, 8
1984, 8
1853, 8
1723, 8
1612, 8
1509, 8
1439, 8
1387, 8
1361, 8
1365, 8
1389, 8
1424, 8
1471, 8
1505, 8
1554, 8
1584, 8
1607, 8
1621, 8
1617, 8
1616, 8
1600, 8
1586, 8
1575, 8
1551, 8
1520, 8
1510, 8
1502, 8
1490, 8
1475, 8
1472, 8
1481, 8
1482, 8
1479, 8
1490, 8
1494, 8
1498, 8
1492, 8
1504, 8
1498, 8
1493, 8
1493, 8
1495, 8
1492, 8
1492, 8
1505, 8
1508, 8
1518, 8
1528, 8
1552, 8
1617, 8
1730, 8
1893, 8
2081, 8
2288, 8
2513, 8
2752, 8
2935, 8
3101, 8
3195, 8
3206, 8
3159, 8
3067, 8
2941, 8
2800, 8
2661, 8
2517, 8
2381, 8
2253, 8
2111, 8
1983, 8
1855, 8
1721, 8
1602, 8
1495, 8
1426, 8
1379, 8
1363, 8
1370, 8
1392, 8
1434, 8
1485, 8
1530, 8
1575, 8
1604, 8
1616, 8
1631, 8
1628, 8
1623, 8
1616, 8
1584, 8
1572, 8
1552, 8
1521, 8
1505, 9
1499, 9
1488, 9
1486, 9
1482, 9
1482, 9
1487, 9
1488, 9
1489, 9
1489, 9
1484, 9
1489, 9
1499, 9
1505, 9
1505, 9
1506, 9
1502, 9
1509, 9
1511, 9
1511, 9
1518, 9
1519, 9
1530, 9
1577, 9
1645, 9
1770, 9
1942, 9
2133, 9
2367, 9
2623, 9
2864, 9
3088, 9
3296, 9
3437, 9
3498, 9
3451, 9
3344, 9
3171, 9
2999, 9
2843, 9
2697, 9
2551, 9
2427, 9
2297, 9
2166, 9
2031, 9
1904, 9
1779, 9
1680, 9
1584, 9
1515, 9
1455, 9
1437, 9
1419, 9
1425, 9
1452, 9
1471, 9
1506, 9
1530, 9
1573, 9
1591, 9
1603, 9
1603, 9
1599, 9
1588, 9
1584, 9
1566, 9
1552, 9
1535, 9
1525, 9
1506, 9
1494, 9
1488, 9
1486, 9
1488, 9
1481, 9
1477, 9
1487, 9
1495, 9
1501, 9
1505, 9
1519, 9
1510, 9
1511, 9
1520, 9
1522, 9
1519, 9
1527, 9
1531, 9
1529, 9
1526, 9
1520, 9
1520, 9
1507, 9
1498, 9
1514, 9
1520, 9
1553, 9
1606, 9
1743, 9
1909, 10
2137, 10
2383, 10
2640, 10
2897, 10
3157, 10
3383, 10
3536, 10
3607, 10
3563, 10
3425, 10
3251, 10
3083, 10
2895, 10
2736, 10
2604, 10
2471, 10
2355, 10
2230, 10
2111, 10
1986, 10
1866, 10
1745, 10
1629, 10
1549, 10
1470, 10
1418, 10
1399, 10
1392, 10
1420, 10
1429, 10
1454, 10
1486, 10
1521, 10
1565, 10
1597, 10
1605, 10
1611, 10
1605, 10
1600, 10
1590, 10
1583, 10
1563, 10
1546, 10
1523, 10
1501, 10
1488, 10
1483, 10
1484, 10
1478, 10
1471, 10
1466, 10
1478, 10
1478, 10
1473, 10
1487, 10
1502, 10
1510, 10
1515, 10
1520, 10
1509, 10
1513, 10
1502, 10
1504, 10
1513, 10
1520, 10
1520, 10
1514, 10
1515, 10
1516, 10
1523, 10
1557, 10
1626, 10
1744, 10
1923, 10
2129, 10
2363, 10
2608, 10
2849, 10
3070, 10
3274, 10
3407, 10
3419, 10
3365, 10
3251, 10
3084, 10
2928, 10
2773, 10
2624, 10
2473, 10
2329, 10
2196, 10
2068, 10
1943, 10
1808, 10
1685, 10
1584, 10
1503, 10
1443, 10
1414, 10
1407, 11
1411, 11
1427, 11
1469, 11
1505, 11
1551, 11
1577, 11
1594, 11
1601, 11
1609, 11
1607, 11
1600, 11
1582, 11
1565, 11
1549, 11
1529, 11
1514, 11
1506, 11
1487, 11
1485, 11
1491, 11
1490, 11
1492, 11
1501, 11
1518, 11
1523, 11
1524, 11
1518, 11
1511, 11
1502, 11
1495, 11
1495, 11
1510, 11
1511, 11
1505, 11
1504, 11
1491, 11
1491, 11
1488, 11
1507, 11
1547, 11
1613, 11
1722, 11
1877, 11
2085, 11
2294, 11
2512, 11
2739, 11
2947, 11
3119, 11
3217, 11
3246, 11
3184, 11
3065, 11
2937, 11
2791, 11
2635, 11
2471, 11
2323, 11
2189, 11
2061, 11
1926, 11
1810, 11
1687, 11
1584, 11
1488, 11
1424, 11
1392, 11
1389, 11
1415, 11
1453, 11
1492, 11
1548, 11
1586, 11
1616, 11
1649, 11
1676, 11
1685, 11
1680, 11
1667, 11
1654, 11
1635, 11
1611, 11
1586, 11
1569, 11
1545, 11
1517, 11
1488, 11
1477, 11
1477, 11
1476, 11
1479, 11
1493, 11
1498, 11
1494, 11
1485, 11
1476, 11
1444, 11
1412, 11
1398, 11
1389, 12
1353, 12
1332, 12
1325, 12
1326, 12
1345, 12
1376, 12
1442, 12
1552, 12
1715, 12
1920, 12
2154, 12
2381, 12
2592, 12
2755, 12
2876, 12
2939, 12
2963, 12
2937, 12
2893, 12
2832, 12
2745, 12
2626, 12
2503, 12
2395, 12
2298, 12
2203, 12
2112, 12
1987, 12
1872, 12
1739, 12
1607, 12
1489, 12
1430, 12
1395, 12
1378, 12
1403, 12
1438, 12
1489, 12
1561, 12
1634, 12
1700, 12
1746, 12
1809, 12
1849, 12
1871, 12
1873, 12
1867, 12
1857, 12
1829, 12
1805, 12
1776, 12
1744, 12
1707, 12
1680, 12
1653, 12
1627, 12
1600, 12
1579, 12
1555, 12
1525, 12
1506, 12
1488, 12
1467, 12
1443, 12
1434, 12
1409, 12
1403, 12
1397, 12
1395, 12
1416, 12
1426, 12
1461, 12
1515, 12
1596, 12
1730, 12
1933, 12
2199, 12
2507, 12
2871, 12
3329, 12
3961, 12
3991, 12
3986, 12
3984, 12
3991, 12
4001, 12
3994, 12
3987, 12
3991, 12
3989, 12
3997, 12
3986, 12
4001, 12
3985, 12
3989, 12
3989, 12
3799, 12
3263, 12
2877, 12
2556, 13
2282, 13
2033, 13
1851, 13
1707, 13
1600, 13
1500, 13
1463, 13
1456, 13
1466, 13
1487, 13
1501, 13
1522, 13
1552, 13
1572, 13
1586, 13
1589, 13
1603, 13
1607, 13
1617, 13
1638, 13
1646, 13
1635, 13
1622, 13
1570, 13
1494, 13
1424, 13
1360, 13
1296, 13
1247, 13
1222, 13
1222, 13
1233, 13
1262, 13
1285, 13
1315, 13
1349, 13
1407, 13
1444, 13
1471, 13
1481, 13
1515, 13
1574, 13
1685, 13
1840, 13
2078, 13
2365, 13
2688, 13
3036, 13
3445, 13
3921, 13
3987, 13
3996, 13
3984, 13
3994, 13
3996, 13
4001, 13
3918, 13
3598, 13
3317, 13
3063, 13
2831, 13
2599, 13
2358, 13
2115, 13
1873, 13
1649, 13
1441, 13
1287, 13
1158, 13
1073, 13
1037, 13
1013, 13
1015, 13
1054, 13
1101, 13
1153, 13
1198, 13
1245, 13
1275, 13
1314, 13
1335, 13
1355, 13
1376, 13
1385, 13
1391, 13
1387, 13
1387, 13
1398, 13
1401, 13
1395, 13
1392, 13
1387, 13
1383, 13
1381, 13
1386, 13
1389, 13
1393, 13
1403, 13
1418, 13
1415, 14
1425, 14
1428, 14
1426, 14
1431, 14
1433, 14
1435, 14
1437, 14
1467, 14
1533, 14
1643, 14
1810, 14
2047, 14
2353, 14
2704, 14
3094, 14
3575, 14
3987, 14
3993, 14
3991, 14
3990, 14
3985, 14
3999, 14
3995, 14
3994, 14
3743, 14
3376, 14
3071, 14
2807, 14
2551, 14
2289, 14
2035, 14
1815, 14
1613, 14
1457, 14
1346, 14
1280, 14
1246, 14
1247, 14
1264, 14
1295, 14
1342, 14
1392, 14
1441, 14
1488, 14
1520, 14
1521, 14
1525, 14
1520, 14
1498, 14
1482, 14
1456, 14
1443, 14
1410, 14
1379, 14
1349, 14
1328, 14
1302, 14
1290, 14
1280, 14
1273, 14
1276, 14
1280, 14
1277, 14
1280, 14
1284, 14
1284, 14
1289, 14
1298, 14
1317, 14
1327, 14
1376, 14
1489, 14
1653, 14
1890, 14
2206, 14
2575, 14
2981, 14
3458, 14
3992, 14
3995, 14
3998, 14
3987, 14
3993, 14
3986, 14
3993, 14
3995, 14
3985, 14
3606, 14
3294, 14
3029, 14
2799, 14
2539, 14
2283, 14
2033, 14
1791, 14
1582, 14
1389, 14
1253, 14
1147, 14
1085, 15
1059, 15
1073, 15
1121, 15
1168, 15
1221, 15
1280, 15
1328, 15
1365, 15
1412, 15
1438, 15
1456, 15
1473, 15
1484, 15
1481, 15
1470, 15
1453, 15
1423, 15
1392, 15
1360, 15
1320, 15
1281, 15
1273, 15
1246, 15
1255, 15
1261, 15
1264, 15
1279, 15
1275, 15
1280, 15
1291, 15
1346, 15
1411, 15
1511, 15
1693, 15
1907, 15
2169, 15
2487, 15
2813, 15
3152, 15
3520, 15
3867, 15
3986, 15
3991, 15
3984, 15
3952, 15
3694, 15
3412, 15
3152, 15
2945, 15
2737, 15
2537, 15
2335, 15
2111, 15
1894, 15
1692, 15
1509, 15
1349, 15
1231, 15
1159, 15
1114, 15
1114, 15
1134, 15
1158, 15
1200, 15
1255, 15
1296, 15
1354, 15
1383, 15
1402, 15
1423, 15
1418, 15
1396, 15
1405, 15
1392, 15
1382, 15
1351, 15
1323, 15
1314, 15
1297, 15
1289, 15
1280, 15
1274, 15
1268, 15
1261, 15
1252, 15
1249, 15
1245, 15
1262, 15
1271, 15
1285, 15
1297, 15
1317, 15
1332, 15
1392, 15
1483, 15
1619, 15
1825, 15
2091, 15
2389, 15
2718, 16
3043, 16
3392, 16
3729, 16
3973, 16
3986, 16
3990, 16
3799, 16
3568, 16
3329, 16
3103, 16
2896, 16
2709, 16
2518, 16
2336, 16
2146, 16
1936, 16
1748, 16
1564, 16
1414, 16
1296, 16
1210, 16
1170, 16
1168, 16
1198, 16
1232, 16
1295, 16
1355, 16
1408, 16
1459, 16
1487, 16
1519, 16
1525, 16
1531, 16
1517, 16
1509, 16
1467, 16
1442, 16
1415, 16
1392, 16
1381, 16
1361, 16
1355, 16
1338, 16
1334, 16
1328, 16
1328, 16
1337, 16
1342, 16
1331, 16
1331, 16
1330, 16
1329, 16
1343, 16
1342, 16
1345, 16
1361, 16
1395, 16
1461, 16
1591, 16
1776, 16
2015, 16
2315, 16
2649, 16
3009, 16
3393, 16
3792, 16
3991, 16
3989, 16
3991, 16
3995, 16
3903, 16
3600, 16
3324, 16
3088, 16
2890, 16
2704, 16
2509, 16
2323, 16
2127, 16
1929, 16
1741, 16
1567, 16
1405, 16
1287, 16
1202, 16
1157, 16
1137, 16
1135, 16
1153, 16
1191, 16
1231, 16
1270, 16
1322, 16
1341, 16
1375, 16
1392, 16
1411, 16
1421, 16
1418, 16
1415, 17
1412, 17
1402, 17
1392, 17
1385, 17
1373, 17
1349, 17
1351, 17
1355, 17
1348, 17
1360, 17
1354, 17
1350, 17
1354, 17
1350, 17
1355, 17
1350, 17
1333, 17
1339, 17
1330, 17
1337, 17
1345, 17
1382, 17
1439, 17
1552, 17
1727, 17
1954, 17
2259, 17
2608, 17
2946, 17
3354, 17
3792, 17
3989, 17
3978, 17
3989, 17
3995, 17
4015, 17
3723, 17
3422, 17
3158, 17
2957, 17
2759, 17
2581, 17
2401, 17
2211, 17
2027, 17
1842, 17
1668, 17
1494, 17
1365, 17
1257, 17
1190, 17
1166, 17
1166, 17
1186, 17
1226, 17
1264, 17
1298, 17
1329, 17
1365, 17
1396, 17
1425, 17
1428, 17
1431, 17
1420, 17
1396, 17
1383, 17
1363, 17
1375, 17
1367, 17
1373, 17
1368, 17
1364, 17
1379, 17
1369, 17
1359, 17
1351, 17
1357, 17
1335, 17
1328, 17
1321, 17
1317, 17
1314, 17
1322, 17
1314, 17
1323, 17
1333, 17
1362, 17
1404, 17
1488, 17
1638, 17
1856, 17
2112, 17
2416, 17
2733, 17
3038, 17
3355, 17
3633, 17
3794, 17
3792, 17
3669, 18
3482, 18
3257, 18
3039, 18
2846, 18
2668, 18
2490, 18
2320, 18
2166, 18
2010, 18
1848, 18
1694, 18
1551, 18
1419, 18
1319, 18
1258, 18
1223, 18
1227, 18
1264, 18
1294, 18
1345, 18
1382, 18
1433, 18
1477, 18
1495, 18
1513, 18
1525, 18
1525, 18
1513, 18
1508, 18
1489, 18
1467, 18
1446, 18
1421, 18
1392, 18
1383, 18
1370, 18
1353, 18
1349, 18
1349, 18
1358, 18
1373, 18
1366, 18
1365, 18
1371, 18
1375, 18
1385, 18
1392, 18
1398, 18
1422, 18
1467, 18
1535, 18
1680, 18
1845, 18
2086, 18
2365, 18
2666, 18
2959, 18
3248, 18
3521, 18
3694, 18
3739, 18
3646, 18
3457, 18
3248, 18
3015, 18
2825, 18
2644, 18
2476, 18
2288, 18
2113, 18
1937, 18
1775, 18
1600, 18
1463, 18
1360, 18
1266, 18
1230, 18
1213, 18
1232, 18
1264, 18
1316, 18
1374, 18
1424, 18
1472, 18
1503, 18
1527, 18
1547, 18
1547, 18
1546, 18
1518, 18
1497, 18
1479, 18
1455, 18
1439, 18
1424, 18
1424, 18
1420, 18
1410, 18
1409, 18
1409, 19
1397, 19
1391, 19
1381, 19
1375, 19
1360, 19
1355, 19
1353, 19
1361, 19
1392, 19
1456, 19
1577, 19
1742, 19
1984, 19
2281, 19
2607, 19
2937, 19
3302, 19
3706, 19
3979, 19
3983, 19
3989, 19
3996, 19
3791, 19
3489, 19
3226, 19
2992, 19
2794, 19
2594, 19
2387, 19
2208, 19
2003, 19
1821, 19
1639, 19
1488, 19
1367, 19
1303, 19
1246, 19
1241, 19
1243, 19
1289, 19
1326, 19
1373, 19
1424, 19
1463, 19
1493, 19
1522, 19
1552, 19
1533, 19
1522, 19
1515, 19
1489, 19
1469, 19
1440, 19
1429, 19
1407, 19
1391, 19
1373, 19
1358, 19
1334, 19
1333, 19
1328, 19
1320, 19
1328, 19
1326, 19
1327, 19
1341, 19
1353, 19
1379, 19
1430, 19
1552, 19
1715, 19
1953, 19
2245, 19
2590, 19
2969, 19
3383, 19
3885, 19
3994, 19
3987, 19
3990, 19
3995, 19
3984, 19
3999, 19
3796, 19
3447, 19
3182, 19
2943, 19
2726, 19
2519, 19
2297, 19
2075, 19
1855, 19
1667, 19
1470, 19
1339, 19
1243, 19
1175, 19
1169, 19
1173, 19
1208, 20
1249, 20
1301, 20
1343, 20
1388, 20
1424, 20
1455, 20
1469, 20
1489, 20
1477, 20
1479, 20
1464, 20
1447, 20
1430, 20
1400, 20
1386, 20
1382, 20
1361, 20
1344, 20
1338, 20
1331, 20
1323, 20
1311, 20
1309, 20
1309, 20
1307, 20
1302, 20
1322, 20
1344, 20
1397, 20
1496, 20
1671, 20
1902, 20
2205, 20
2553, 20
2938, 20
3397, 20
3927, 20
3994, 20
3985, 20
3988, 20
3991, 20
3988, 20
3979, 20
3995, 20
3819, 20
3444, 20
3143, 20
2899, 20
2672, 20
2415, 20
2170, 20
1923, 20
1697, 20
1488, 20
1328, 20
1216, 20
1135, 20
1108, 20
1103, 20
1136, 20
1168, 20
1216, 20
1269, 20
1319, 20
1350, 20
1382, 20
1395, 20
1409, 20
1419, 20
1410, 20
1424, 20
1414, 20
1406, 20
1397, 20
1380, 20
1365, 20
1361, 20
1337, 20
1335, 20
1328, 20
1323, 20
1321, 20
1311, 20
1306, 20
1296, 20
1296, 20
1301, 20
1309, 20
1319, 20
1344, 20
1406, 20
1493, 20
1647, 20
1872, 20
2173, 20
2514, 20
2901, 20
3344, 20
3840, 20
3994, 21
3998, 21
3989, 21
3995, 21
3996, 21
3985, 21
3987, 21
3637, 21
3318, 21
3045, 21
2804, 21
2573, 21
2323, 21
2085, 21
1842, 21
1629, 21
1434, 21
1293, 21
1191, 21
1122, 21
1097, 21
1093, 21
1125, 21
1165, 21
1221, 21
1271, 21
1314, 21
1360, 21
1389, 21
1409, 21
1424, 21
1425, 21
1422, 21
1418, 21
1406, 21
1393, 21
1366, 21
1359, 21
1339, 21
1331, 21
1329, 21
1315, 21
1321, 21
1297, 21
1295, 21
1296, 21
1296, 21
1281, 21
1271, 21
1279, 21
1273, 21
1283, 21
1310, 21
1351, 21
1424, 21
1552, 21
1744, 21
2015, 21
2339, 21
2704, 21
3119, 21
3581, 21
3986, 21
4001, 21
3989, 21
3991, 21
3999, 21
3989, 21
3869, 21
3516, 21
3206, 21
2958, 21
2719, 21
2482, 21
2230, 21
1991, 21
1767, 21
1547, 21
1367, 21
1232, 21
1136, 21
1104, 21
1091, 21
1120, 21
1177, 21
1238, 21
1292, 21
1353, 21
1404, 21
1435, 21
1472, 21
1475, 21
1488, 21
1483, 21
1469, 21
1455, 21
1423, 21
1392, 21
1380, 21
1349, 21
1328, 22
1315, 22
1296, 22
1296, 22
1288, 22
1282, 22
1271, 22
1270, 22
1267, 22
1264, 22
1264, 22
1279, 22
1310, 22
1333, 22
1379, 22
1463, 22
1607, 22
1824, 22
2122, 22
2451, 22
2837, 22
3277, 22
3765, 22
3987, 22
4001, 22
3983, 22
3995, 22
3996, 22
3986, 22
3985, 22
3698, 22
3346, 22
3057, 22
2813, 22
2557, 22
2308, 22
2035, 22
1783, 22
1557, 22
1347, 22
1207, 22
1106, 22
1061, 22
1062, 22
1072, 22
1123, 22
1194, 22
1251, 22
1314, 22
1364, 22
1399, 22
1407, 22
1414, 22
1416, 22
1425, 22
1407, 22
1405, 22
1399, 22
1382, 22
1363, 22
1351, 22
1328, 22
1316, 22
1305, 22
1302, 22
1309, 22
1301, 22
1291, 22
1289, 22
1299, 22
1297, 22
1293, 22
1296, 22
1296, 22
1283, 22
1297, 22
1314, 22
1357, 22
1433, 22
1558, 22
1760, 22
2063, 22
2396, 22
2800, 22
3251, 22
3859, 22
3997, 22
4005, 22
3999, 22
3985, 22
3995, 22
4016, 22
4001, 22
3999, 22
3992, 22
3835, 22
3430, 22
3120, 22
2819, 22
2534, 22
2250, 23
1974, 23
1731, 23
1503, 23
1317, 23
1180, 23
1103, 23
1062, 23
1051, 23
1077, 23
1110, 23
1158, 23
1221, 23
1269, 23
1298, 23
1328, 23
1356, 23
1361, 23
1375, 23
1366, 23
1361, 23
1360, 23
1360, 23
1349, 23
1319, 23
1293, 23
1296, 23
1295, 23
1280, 23
1263, 23
1267, 23
1269, 23
1265, 23
1258, 23
1251, 23
1242, 23
1243, 23
1253, 23
1246, 23
1250, 23
1251, 23
1263, 23
1265, 23
1274, 23
1307, 23
1337, 23
1383, 23
1470, 23
1644, 23
1875, 23
2191, 23
2553, 23
2963, 23
3492, 23
3993, 23
3986, 23
3984, 23
3997, 23
3994, 23
3991, 23
3983, 23
3993, 23
3990, 23
3985, 23
3648, 23
3306, 23
3008, 23
2736, 23
2459, 23
2180, 23
1893, 23
1645, 23
1414, 23
1237, 23
1117, 23
1023, 23
994, 23
1003, 23
1040, 23
1104, 23
1151, 23
1199, 23
1264, 23
1302, 23
1360, 23
1392, 23
1410, 23
1418, 23
1420, 23
1406, 23
1385, 23
1361, 23
1345, 23
1327, 23
1298, 23
1293, 23
1269, 23
1263, 23
1255, 23
1243, 23
1236, 24
1237, 24
1230, 24
1232, 24
1232, 24
1239, 24
1255, 24
1249, 24
1262, 24
1265, 24
1289, 24
1296, 24
1314, 24
1330, 24
1346, 24
1383, 24
1446, 24
1573, 24
1781, 24
2046, 24
2368, 24
2732, 24
3121, 24
3601, 24
4000, 24
3990, 24
3984, 24
3984, 24
3999, 24
3987, 24
3847, 24
3488, 24
3211, 24
2958, 24
2736, 24
2522, 24
2304, 24
2084, 24
1858, 24
1648, 24
1472, 24
1323, 24
1232, 24
1169, 24
1147, 24
1149, 24
1171, 24
1221, 24
1269, 24
1325, 24
1372, 24
1414, 24
1438, 24
1446, 24
1457, 24
1466, 24
1456, 24
1437, 24
1418, 24
1394, 24
1373, 24
1371, 24
1360, 24
1334, 24
1328, 24
1328, 24
1322, 24
1335, 24
1328, 24
1341, 24
1333, 24
1334, 24
1334, 24
1339, 24
1328, 24
1328, 24
1324, 24
1311, 24
1299, 24
1296, 24
1300, 24
1317, 24
1347, 24
1421, 24
1525, 24
1712, 24
1950, 24
2253, 24
2593, 24
2957, 24
3366, 24
3841, 24
3986, 24
3984, 24
3991, 24
3989, 24
3982, 24
3617, 24
3313, 24
3044, 24
2813, 25
2603, 25
2384, 25
2174, 25
1963, 25
1751, 25
1554, 25
1397, 25
1281, 25
1202, 25
1159, 25
1169, 25
1205, 25
1254, 25
1312, 25
1372, 25
1437, 25
1488, 25
1535, 25
1543, 25
1563, 25
1566, 25
1551, 25
1515, 25
1484, 25
1470, 25
1438, 25
1424, 25
1390, 25
1363, 25
1355, 25
1340, 25
1318, 25
1319, 25
1305, 25
1315, 25
1315, 25
1332, 25
1339, 25
1355, 25
1363, 25
1375, 25
1376, 25
1389, 25
1382, 25
1387, 25
1389, 25
1389, 25
1390, 25
1390, 25
1383, 25
1389, 25
1421, 25
1497, 25
1636, 25
1829, 25
2113, 25
2453, 25
2860, 25
3328, 25
3920, 25
3985, 25
3993, 25
3985, 25
3984, 25
4003, 25
3995, 25
3987, 25
3989, 25
3984, 25
3661, 25
3293, 25
3008, 25
2736, 25
2471, 25
2192, 25
1931, 25
1692, 25
1488, 25
1315, 25
1203, 25
1130, 25
1088, 25
1075, 25
1080, 25
1109, 25
1145, 25
1194, 25
1219, 25
1264, 25
1289, 25
1317, 25
1365, 25
1396, 25
1442, 25
1498, 25
1534, 25
1580, 25
1596, 25
1617, 25
1637, 26
1655, 26
1669, 26
1657, 26
1674, 26
1691, 26
1730, 26
1773, 26
1827, 26
1875, 26
1936, 26
1967, 26
1983, 26
1985, 26
1966, 26
1936, 26
1881, 26
1822, 26
1775, 26
1714, 26
1661, 26
1617, 26
1593, 26
1630, 26
1748, 26
1975, 26
2290, 26
2694, 26
3194, 26
3938, 26
3984, 26
3995, 26
3997, 26
3992, 26
3990, 26
4004, 26
3997, 26
3994, 26
4010, 26
3993, 26
3989, 26
3987, 26
3999, 26
3990, 26
4011, 26
3991, 26
3539, 26
2995, 26
2605, 26
2257, 26
1951, 26
1710, 26
1535, 26
1401, 26
1322, 26
1287, 26
1287, 26
1311, 26
1315, 26
1347, 26
1361, 26
1371, 26
1370, 26
1343, 26
1335, 26
1322, 26
1303, 26
1271, 26
1260, 26
1232, 26
1247, 26
1231, 26
1229, 26
1237, 26
1245, 26
1250, 26
1261, 26
1273, 26
1273, 26
1283, 26
1281, 26
1285, 26
1287, 26
1277, 26
1275, 26
1263, 26
1253, 26
1264, 26
1293, 26
1395, 26
1561, 26
1817, 26
2187, 26
2633, 26
3170, 26
3974, 26
3993, 26
3985, 26
3999, 26
3989, 26
3994, 27
3997, 27
4005, 27
3993, 27
3990, 27
3989, 27
4005, 27
4001, 27
3987, 27
3450, 27
2969, 27
2554, 27
2182, 27
1805, 27
1471, 27
1193, 27
974, 27
806, 27
708, 27
683, 27
703, 27
752, 27
815, 27
889, 27
968, 27
1053, 27
1118, 27
1173, 27
1203, 27
1227, 27
1244, 27
1252, 27
1257, 27
1254, 27
1255, 27
1243, 27
1232, 27
1227, 27
1205, 27
1199, 27
1184, 27
1172, 27
1158, 27
1159, 27
1140, 27
1136, 27
1135, 27
1152, 27
1153, 27
1156, 27
1157, 27
1158, 27
1177, 27
1188, 27
1214, 27
1237, 27
1294, 27
1381, 27
1535, 27
1766, 27
2069, 27
2434, 27
2822, 27
3294, 27
3856, 27
3994, 27
4002, 27
3998, 27
3997, 27
3999, 27
3988, 27
3990, 27
3807, 27
3405, 27
3081, 27
2800, 27
2520, 27
2239, 27
1953, 27
1691, 27
1437, 27
1227, 27
1083, 27
977, 27
931, 27
921, 27
939, 27
978, 27
1047, 27
1120, 27
1185, 27
1235, 27
1294, 27
1344, 27
1364, 27
1360, 27
1361, 27
1352, 27
1328, 27
1303, 27
1297, 28
1270, 28
1263, 28
1247, 28
1230, 28
1202, 28
1186, 28
1163, 28
1149, 28
1142, 28
1143, 28
1135, 28
1143, 28
1143, 28
1146, 28
1167, 28
1186, 28
1202, 28
1223, 28
1243, 28
1251, 28
1277, 28
1303, 28
1351, 28
1429, 28
1563, 28
1749, 28
2009, 28
2314, 28
2677, 28
3062, 28
3501, 28
4001, 28
3984, 28
3989, 28
3994, 28
3986, 28
4001, 28
3858, 28
3491, 28
3173, 28
2889, 28
2647, 28
2398, 28
2158, 28
1920, 28
1678, 28
1467, 28
1312, 28
1168, 28
1088, 28
1046, 28
1052, 28
1091, 28
1136, 28
1202, 28
1266, 28
1334, 28
1390, 28
1426, 28
1446, 28
1446, 28
1447, 28
1439, 28
1422, 28
1403, 28
1381, 28
1360, 28
1334, 28
1328, 28
1303, 28
1296, 28
1285, 28
1295, 28
1297, 28
1296, 28
1306, 28
1298, 28
1321, 28
1318, 28
1307, 28
1289, 28
1264, 28
1252, 28
1243, 28
1243, 28
1262, 28
1296, 28
1381, 28
1514, 28
1727, 28
1995, 28
2320, 28
2677, 28
3045, 28
3493, 28
3987, 28
3996, 28
3995, 28
3994, 28
3997, 29
3997, 29
3705, 29
3353, 29
3045, 29
2790, 29
2544, 29
2287, 29
2041, 29
1789, 29
1569, 29
1365, 29
1211, 29
1095, 29
1050, 29
1030, 29
1045, 29
1092, 29
1183, 29
1269, 29
1344, 29
1413, 29
1488, 29
1520, 29
1567, 29
1569, 29
1573, 29
1555, 29
1498, 29
1477, 29
1434, 29
1392, 29
1361, 29
1335, 29
1321, 29
1296, 29
1271, 29
1252, 29
1239, 29
1232, 29
1232, 29
1226, 29
1221, 29
1214, 29
1222, 29
1226, 29
1258, 29
1280, 29
1338, 29
1432, 29
1609, 29
1823, 29
2129, 29
2479, 29
2868, 29
3312, 29
3891, 29
3996, 29
3997, 29
3992, 29
3981, 29
3995, 29
3991, 29
3986, 29
3913, 29
3504, 29
3169, 29
2880, 29
2626, 29
2362, 29
2097, 29
1854, 29
1629, 29
1411, 29
1247, 29
1136, 29
1072, 29
1040, 29
1059, 29
1098, 29
1150, 29
1217, 29
1273, 29
1341, 29
1392, 29
1423, 29
1457, 29
1467, 29
1459, 29
1460, 29
1441, 29
1409, 29
1365, 29
1327, 29
1291, 29
1262, 29
1222, 29
1212, 29
1199, 29
1189, 29
1178, 30
1161, 30
1152, 30
1158, 30
1168, 30
1168, 30
1169, 30
1195, 30
1245, 30
1319, 30
1443, 30
1661, 30
1933, 30
2250, 30
2599, 30
2960, 30
3372, 30
3792, 30
4003, 30
3986, 30
3986, 30
3999, 30
3989, 30
3645, 30
3317, 30
3077, 30
2864, 30
2653, 30
2447, 30
2234, 30
2015, 30
1808, 30
1621, 30
1467, 30
1343, 30
1270, 30
1222, 30
1242, 30
1264, 30
1307, 30
1350, 30
1389, 30
1450, 30
1490, 30
1514, 30
1535, 30
1553, 30
1552, 30
1545, 30
1512, 30
1478, 30
1431, 30
1401, 30
1360, 30
1314, 30
1281, 30
1249, 30
1227, 30
1202, 30
1200, 30
1212, 30
1203, 30
1222, 30
1248, 30
1290, 30
1357, 30
1486, 30
1680, 30
1942, 30
2278, 30
2656, 30
3046, 30
3543, 30
3986, 30
3985, 30
3997, 30
4029, 30
3990, 30
3984, 30
3987, 30
3719, 30
3312, 30
2986, 30
2703, 30
2405, 30
2131, 30
1863, 30
1607, 30
1385, 30
1193, 30
1066, 30
981, 30
946, 30
965, 30
1006, 30
1060, 30
1126, 30
1203, 30
1255, 30
1323, 30
1363, 31
1402, 31
1437, 31
1441, 31
1436, 31
1430, 31
1411, 31
1389, 31
1360, 31
1345, 31
1319, 31
1303, 31
1263, 31
1253, 31
1251, 31
1234, 31
1226, 31
1220, 31
1232, 31
1244, 31
1271, 31
1329, 31
1427, 31
1602, 31
1859, 31
2147, 31
2493, 31
2850, 31
3217, 31
3627, 31
3970, 31
3987, 31
3985, 31
3984, 31
3741, 31
3417, 31
3139, 31
2881, 31
2649, 31
2417, 31
2175, 31
1941, 31
1727, 31
1520, 31
1340, 31
1197, 31
1093, 31
1037, 31
1014, 31
1049, 31
1087, 31
1141, 31
1214, 31
1293, 31
1368, 31
1420, 31
1476, 31
1499, 31
1522, 31
1523, 31
1511, 31
1510, 31
1487, 31
1463, 31
1424, 31
1408, 31
1366, 31
1342, 31
1312, 31
1286, 31
1262, 31
1250, 31
1243, 31
1241, 31
1243, 31
1267, 31
1280, 31
1318, 31
1397, 31
1535, 31
1741, 31
2029, 31
2368, 31
2739, 31
3135, 31
3593, 31
3999, 31
3997, 31
3984, 31
3991, 31
3989, 31
3907, 31
3524, 31
3185, 31
2907, 31
2648, 31
2402, 31
2160, 31
1922, 31
1682, 31
1473, 32
1305, 32
1181, 32
1087, 32
1053, 32
1053, 32
1094, 32
1134, 32
1200, 32
1264, 32
1327, 32
1379, 32
1427, 32
1461, 32
1479, 32
1488, 32
1505, 32
1505, 32
1485, 32
1456, 32
1431, 32
1403, 32
1389, 32
1377, 32
1355, 32
1314, 32
1314, 32
1297, 32
1299, 32
1295, 32
1293, 32
1293, 32
1305, 32
1328, 32
1356, 32
1428, 32
1553, 32
1741, 32
2000, 32
2315, 32
2654, 32
3023, 32
3427, 32
3902, 32
3990, 32
3989, 32
3992, 32
3998, 32
3834, 32
3471, 32
3179, 32
2899, 32
2653, 32
2395, 32
2161, 32
1925, 32
1692, 32
1488, 32
1325, 32
1191, 32
1113, 32
1076, 32
1070, 32
1096, 32
1137, 32
1206, 32
1277, 32
1344, 32
1410, 32
1455, 32
1483, 32
1519, 32
1520, 32
1521, 32
1504, 32
1488, 32
1457, 32
1443, 32
1419, 32
1383, 32
1361, 32
1358, 32
1326, 32
1311, 32
1297, 32
1280, 32
1283, 32
1280, 32
1296, 32
1300, 32
1312, 32
1330, 32
1377, 32
1472, 32
1626, 32
1853, 32
2134, 32
2463, 32
2832, 32
3227, 32
3718, 33
3985, 33
3987, 33
3998, 33
3987, 33
3990, 33
3849, 33
3472, 33
3138, 33
2877, 33
2628, 33
2365, 33
2112, 33
1860, 33
1626, 33
1424, 33
1267, 33
1151, 33
1104, 33
1088, 33
1114, 33
1154, 33
1232, 33
1313, 33
1392, 33
1456, 33
1509, 33
1547, 33
1582, 33
1584, 33
1565, 33
1553, 33
1547, 33
1506, 33
1479, 33
1446, 33
1411, 33
1390, 33
1360, 33
1349, 33
1331, 33
1313, 33
1296, 33
1294, 33
1295, 33
1289, 33
1296, 33
1326, 33
1363, 33
1466, 33
1642, 33
1870, 33
2176, 33
2503, 33
2892, 33
3299, 33
3775, 33
3991, 33
4004, 33
3994, 33
4000, 33
4001, 33
3918, 33
3552, 33
3214, 33
2935, 33
2677, 33
2419, 33
2166, 33
1911, 33
1681, 33
1464, 33
1296, 33
1175, 33
1104, 33
1071, 33
1072, 33
1106, 33
1168, 33
1248, 33
1307, 33
1372, 33
1418, 33
1466, 33
1500, 33
1516, 33
1503, 33
1513, 33
1485, 33
1463, 33
1437, 33
1407, 33
1390, 33
1361, 33
1336, 33
1322, 33
1301, 33
1287, 33
1274, 33
1264, 33
1265, 34
1264, 34
1293, 34
1328, 34
1385, 34
1513, 34
1709, 34
1969, 34
2313, 34
2689, 34
3119, 34
3639, 34
3995, 34
3984, 34
3984, 34
3998, 34
3997, 34
4000, 34
3989, 34
3990, 34
3699, 34
3312, 34
3014, 34
2711, 34
2429, 34
2148, 34
1872, 34
1616, 34
1392, 34
1209, 34
1072, 34
995, 34
957, 34
979, 34
1015, 34
1085, 34
1152, 34
1221, 34
1287, 34
1341, 34
1378, 34
1419, 34
1437, 34
1456, 34
1469, 34
1450, 34
1442, 34
1417, 34
1406, 34
1376, 34
1350, 34
1335, 34
1315, 34
1298, 34
1283, 34
1271, 34
1270, 34
1265, 34
1271, 34
1264, 34
1280, 34
1346, 34
1459, 34
1647, 34
1909, 34
2234, 34
2624, 34
3042, 34
3573, 34
3998, 34
3991, 34
3998, 34
3999, 34
3986, 34
3994, 34
3989, 34
3991, 34
3988, 34
3643, 34
3255, 34
2926, 34
2633, 34
2334, 34
2033, 34
1750, 34
1499, 34
1292, 34
1136, 34
1039, 34
979, 34
970, 34
992, 34
1048, 34
1116, 34
1169, 34
1229, 34
1285, 34
1328, 34
1362, 34
1394, 34
1402, 35
1413, 35
1409, 35
1396, 35
1383, 35
1358, 35
1332, 35
1312, 35
1296, 35
1275, 35
1264, 35
1249, 35
1238, 35
1254, 35
1264, 35
1263, 35
1264, 35
1265, 35
1277, 35
1293, 35
1325, 35
1370, 35
1463, 35
1610, 35
1835, 35
2129, 35
2481, 35
2896, 35
3387, 35
3990, 35
3993, 35
3986, 35
3997, 35
3982, 35
3999, 35
3995, 35
3988, 35
3984, 35
4001, 35
3728, 35
3287, 35
2928, 35
2602, 35
2263, 35
1947, 35
1653, 35
1395, 35
1170, 35
1009, 35
905, 35
855, 35
855, 35
870, 35
908, 35
979, 35
1043, 35
1124, 35
1197, 35
1258, 35
1298, 35
1328, 35
1334, 35
1329, 35
1339, 35
1333, 35
1326, 35
1316, 35
1303, 35
1285, 35
1280, 35
1274, 35
1253, 35
1245, 35
1246, 35
1229, 35
1225, 35
1217, 35
1222, 35
1219, 35
1199, 35
1199, 35
1199, 35
1216, 35
1222, 35
1247, 35
1264, 35
1293, 35
1334, 35
1443, 35
1613, 35
1843, 35
2131, 35
2477, 35
2844, 35
3219, 35
3662, 35
3994, 35
3995, 35
3989, 35
3990, 35
3984, 36
3752, 36
3421, 36
3149, 36
2901, 36
2695, 36
2470, 36
2251, 36
2019, 36
1804, 36
1600, 36
1417, 36
1277, 36
1200, 36
1146, 36
1148, 36
1182, 36
1243, 36
1319, 36
1393, 36
1461, 36
1520, 36
1562, 36
1582, 36
1589, 36
1569, 36
1535, 36
1486, 36
1446, 36
1408, 36
1367, 36
1343, 36
1328, 36
1307, 36
1307, 36
1297, 36
1296, 36
1293, 36
1274, 36
1267, 36
1267, 36
1267, 36
1271, 36
1271, 36
1275, 36
1269, 36
1268, 36
1264, 36
1273, 36
1310, 36
1386, 36
1526, 36
1725, 36
2011, 36
2348, 36
2736, 36
3183, 36
3747, 36
3991, 36
3984, 36
3995, 36
3984, 36
3989, 36
3994, 36
3984, 36
3735, 36
3335, 36
2992, 36
2710, 36
2432, 36
2176, 36
1916, 36
1680, 36
1469, 36
1299, 36
1171, 36
1088, 36
1051, 36
1047, 36
1086, 36
1149, 36
1211, 36
1285, 36
1352, 36
1403, 36
1448, 36
1469, 36
1472, 36
1472, 36
1456, 36
1424, 36
1394, 36
1360, 36
1342, 36
1310, 36
1288, 36
1279, 36
1262, 36
1259, 36
1261, 36
1251, 37
1251, 37
1243, 37
1243, 37
1232, 37
1219, 37
1210, 37
1199, 37
1183, 37
1180, 37
1183, 37
1205, 37
1280, 37
1372, 37
1533, 37
1742, 37
2017, 37
2343, 37
2701, 37
3098, 37
3547, 37
3987, 37
4001, 37
3985, 37
3995, 37
3987, 37
3995, 37
3781, 37
3421, 37
3117, 37
2859, 37
2607, 37
2370, 37
2133, 37
1894, 37
1670, 37
1445, 37
1264, 37
1114, 37
1014, 37
975, 37
975, 37
997, 37
1062, 37
1126, 37
1173, 37
1250, 37
1326, 37
1373, 37
1425, 37
1441, 37
1453, 37
1458, 37
1458, 37
1440, 37
1410, 37
1383, 37
1345, 37
1330, 37
1311, 37
1299, 37
1295, 37
1296, 37
1282, 37
1270, 37
1271, 37
1271, 37
1258, 37
1247, 37
1251, 37
1249, 37
1263, 37
1277, 37
1294, 37
1342, 37
1405, 37
1535, 37
1722, 37
1973, 37
2275, 37
2617, 37
2974, 37
3363, 37
3760, 37
4002, 37
4001, 37
3991, 37
3984, 37
3725, 37
3398, 37
3120, 37
2866, 37
2645, 37
2432, 37
2220, 37
1996, 37
1776, 37
1564, 37
1389, 37
1255, 37
1157, 38
1099, 38
1089, 38
1106, 38
1158, 38
1203, 38
1269, 38
1328, 38
1371, 38
1439, 38
1467, 38
1501, 38
1506, 38
1503, 38
1491, 38
1483, 38
1460, 38
1424, 38
1398, 38
1367, 38
1339, 38
1302, 38
1281, 38
1263, 38
1258, 38
1248, 38
1249, 38
1248, 38
1242, 38
1242, 38
1261, 38
1270, 38
1278, 38
1319, 38
1381, 38
1491, 38
1680, 38
1926, 38
2222, 38
2534, 38
2860, 38
3199, 38
3550, 38
3875, 38
3989, 38
3997, 38
3909, 38
3664, 38
3401, 38
3153, 38
2931, 38
2743, 38
2546, 38
2357, 38
2161, 38
1962, 38
1770, 38
1603, 38
1440, 38
1328, 38
1258, 38
1233, 38
1248, 38
1286, 38
1344, 38
1422, 38
1520, 38
1606, 38
1671, 38
1741, 38
1776, 38
1799, 38
1791, 38
1785, 38
1774, 38
1757, 38
1725, 38
1697, 38
1663, 38
1623, 38
1585, 38
1553, 38
1515, 38
1474, 38
1445, 38
1414, 38
1385, 38
1345, 38
1322, 38
1298, 38
1290, 38
1295, 38
1324, 38
1389, 38
1513, 38
1731, 38
2022, 38
2381, 38
2779, 38
3263, 38
3898, 39
3991, 39
3990, 39
3993, 39
3994, 39
3998, 39
3998, 39
3995, 39
3988, 39
3991, 39
3986, 39
3733, 39
3281, 39
2933, 39
2610, 39
2282, 39
1978, 39
1711, 39
1471, 39
1281, 39
1162, 39
1089, 39
1071, 39
1066, 39
1103, 39
1165, 39
1221, 39
1281, 39
1327, 39
1361, 39
1392, 39
1419, 39
1434, 39
1429, 39
1435, 39
1418, 39
1410, 39
1377, 39
1360, 39
1340, 39
1312, 39
1295, 39
1280, 39
1258, 39
1233, 39
1232, 39
1225, 39
1217, 39
1205, 39
1213, 39
1202, 39
1210, 39
1221, 39
1268, 39
1381, 39
1563, 39
1837, 39
2169, 39
2553, 39
2975, 39
3486, 39
3984, 39
4000, 39
3979, 39
3987, 39
3988, 39
3986, 39
3989, 39
3995, 39
3937, 39
3543, 39
3245, 39
2947, 39
2684, 39
2410, 39
2151, 39
1877, 39
1631, 39
1422, 39
1262, 39
1146, 39
1075, 39
1056, 39
1061, 39
1101, 39
1155, 39
1211, 39
1264, 39
1318, 39
1355, 39
1386, 39
1402, 39
1412, 39
1419, 39
1403, 39
1392, 39
1390, 39
1366, 39
1359, 39
1356, 39
1346, 40
1317, 40
1297, 40
1295, 40
1271, 40
1233, 40
1227, 40
1193, 40
1180, 40
1171, 40
1178, 40
1179, 40
1195, 40
1217, 40
1249, 40
1332, 40
1451, 40
1647, 40
1903, 40
2224, 40
2579, 40
2947, 40
3336, 40
3772, 40
3999, 40
3990, 40
3987, 40
3984, 40
3754, 40
3452, 40
3185, 40
2937, 40
2704, 40
2495, 40
2268, 40
2043, 40
1808, 40
1597, 40
1401, 40
1223, 40
1091, 40
1008, 40
973, 40
974, 40
987, 40
1037, 40
1096, 40
1142, 40
1202, 40
1261, 40
1319, 40
1339, 40
1366, 40
1377, 40
1371, 40
1365, 40
1358, 40
1347, 40
1344, 40
1328, 40
1326, 40
1310, 40
1299, 40
1271, 40
1263, 40
1262, 40
1253, 40
1261, 40
1253, 40
1261, 40
1264, 40
1271, 40
1280, 40
1297, 40
1297, 40
1310, 40
1340, 40
1387, 40
1483, 40
1635, 40
1840, 40
2113, 40
2391, 40
2673, 40
2951, 40
3235, 40
3443, 40
3553, 40
3553, 40
3441, 40
3280, 40
3059, 40
2846, 40
2642, 40
2416, 40
2199, 40
1989, 40
1776, 40
1567, 40
1385, 40
1239, 41
1135, 41
1067, 41
1058, 41
1074, 41
1119, 41
1177, 41
1242, 41
1324, 41
1376, 41
1424, 41
1467, 41
1493, 41
1505, 41
1509, 41
1497, 41
1491, 41
1479, 41
1473, 41
1459, 41
1439, 41
1435, 41
1424, 41
1414, 41
1415, 41
1403, 41
1406, 41
1408, 41
1393, 41
1384, 41
1373, 41
1361, 41
1360, 41
1353, 41
1350, 41
1363, 41
1378, 41
1392, 41
1451, 41
1561, 41
1715, 41
1941, 41
2211, 41
2512, 41
2818, 41
3130, 41
3399, 41
3641, 41
3757, 41
3681, 41
3520, 41
3297, 41
3078, 41
2861, 41
2651, 41
2443, 41
2224, 41
2007, 41
1801, 41
1615, 41
1444, 41
1310, 41
1219, 41
1178, 41
1164, 41
1200, 41
1237, 41
1292, 41
1345, 41
1402, 41
1453, 41
1503, 41
1520, 41
1535, 41
1550, 41
1552, 41
1533, 41
1521, 41
1491, 41
1462, 41
1443, 41
1424, 41
1406, 41
1385, 41
1375, 41
1366, 41
1361, 41
1344, 41
1343, 41
1344, 41
1342, 41
1333, 41
1344, 41
1345, 41
1355, 41
1382, 41
1420, 41
1499, 41
1629, 41
1825, 41
2067, 42
2339, 42
2661, 42
2983, 42
3312, 42
3680, 42
3956, 42
3994, 42
3982, 42
3874, 42
3620, 42
3341, 42
3096, 42
2867, 42
2659, 42
2460, 42
2261, 42
2057, 42
1855, 42
1664, 42
1501, 42
1381, 42
1286, 42
1229, 42
1217, 42
1229, 42
1263, 42
1312, 42
1365, 42
1413, 42
1467, 42
1488, 42
1502, 42
1503, 42
1508, 42
1507, 42
1499, 42
1488, 42
1459, 42
1456, 42
1442, 42
1424, 42
1407, 42
1405, 42
1379, 42
1360, 42
1353, 42
1343, 42
1328, 42
1315, 42
1325, 42
1316, 42
1312, 42
1307, 42
1344, 42
1361, 42
1425, 42
1525, 42
1706, 42
1934, 42
2225, 42
2550, 42
2911, 42
3319, 42
3791, 42
3987, 42
3997, 42
3999, 42
3998, 42
3986, 42
3991, 42
3909, 42
3575, 42
3260, 42
3015, 42
2793, 42
2575, 42
2329, 42
2094, 42
1854, 42
1647, 42
1461, 42
1326, 42
1232, 42
1179, 42
1170, 42
1191, 42
1222, 42
1275, 42
1321, 42
1369, 42
1408, 42
1451, 42
1484, 42
1502, 42
1495, 42
1497, 42
1505, 42
1489, 42
1477, 42
1457, 43
1454, 43
1447, 43
1455, 43
1442, 43
1426, 43
1398, 43
1391, 43
1365, 43
1347, 43
1331, 43
1317, 43
1310, 43
1309, 43
1306, 43
1319, 43
1337, 43
1360, 43
1424, 43
1549, 43
1713, 43
1939, 43
2240, 43
2582, 43
2946, 43
3376, 43
3856, 43
3995, 43
3999, 43
3984, 43
4002, 43
3985, 43
3991, 43
3952, 43
3599, 43
3296, 43
3028, 43
2794, 43
2546, 43
2297, 43
2062, 43
1807, 43
1595, 43
1403, 43
1264, 43
1185, 43
1129, 43
1114, 43
1120, 43
1157, 43
1215, 43
1264, 43
1328, 43
1374, 43
1399, 43
1424, 43
1453, 43
1454, 43
1439, 43
1441, 43
1422, 43
1408, 43
1392, 43
1381, 43
1375, 43
1360, 43
1342, 43
1325, 43
1303, 43
1289, 43
1266, 43
1264, 43
1261, 43
1254, 43
1276, 43
1277, 43
1279, 43
1297, 43
1316, 43
1328, 43
1360, 43
1408, 43
1501, 43
1671, 43
1888, 43
2160, 43
2474, 43
2814, 43
3162, 43
3550, 43
3974, 43
3991, 43
3990, 43
3997, 43
3990, 43
3746, 43
3472, 43
3210, 43
2989, 43
2769, 43
2549, 44
2347, 44
2125, 44
1877, 44
1665, 44
1467, 44
1307, 44
1179, 44
1117, 44
1078, 44
1075, 44
1102, 44
1152, 44
1205, 44
1274, 44
1347, 44
1404, 44
1443, 44
1468, 44
1493, 44
1511, 44
1509, 44
1517, 44
1523, 44
1513, 44
1507, 44
1519, 44
1518, 44
1534, 44
1551, 44
1579, 44
1600, 44
1627, 44
1650, 44
1664, 44
1685, 44
1692, 44
1677, 44
1653, 44
1632, 44
1610, 44
1584, 44
1552, 44
1530, 44
1553, 44
1622, 44
1765, 44
1987, 44
2294, 44
2661, 44
3102, 44
3702, 44
3989, 44
3984, 44
3985, 44
3986, 44
3995, 44
3989, 44
3999, 44
4000, 44
3996, 44
3995, 44
3984, 44
3702, 44
3216, 44
2832, 44
2476, 44
2119, 44
1777, 44
1473, 44
1219, 44
1041, 44
913, 44
851, 44
839, 44
851, 44
905, 44
961, 44
1042, 44
1111, 44
1173, 44
1235, 44
1291, 44
1318, 44
1351, 44
1360, 44
1360, 44
1360, 44
1354, 44
1347, 44
1338, 44
1328, 44
1317, 44
1305, 44
1293, 44
1264, 44
1257, 44
1253, 44
1237, 44
1243, 44
1233, 45
1228, 45
1232, 45
1229, 45
1232, 45
1262, 45
1328, 45
1450, 45
1651, 45
1901, 45
2201, 45
2512, 45
2834, 45
3158, 45
3443, 45
3677, 45
3782, 45
3739, 45
3600, 45
3389, 45
3162, 45
2949, 45
2747, 45
2544, 45
2355, 45
2164, 45
1968, 45
1751, 45
1558, 45
1360, 45
1200, 45
1087, 45
1009, 45
980, 45
1008, 45
1059, 45
1133, 45
1232, 45
1345, 45
1457, 45
1569, 45
1680, 45
1794, 45
1903, 45
2000, 45
2105, 45
2177, 45
2247, 45
2278, 45
2288, 45
2283, 45
2243, 45
2177, 45
2095, 45
1999, 45
1901, 45
1810, 45
1712, 45
1616, 45
1529, 45
1456, 45
1395, 45
1357, 45
1338, 45
1326, 45
1331, 45
1347, 45
1408, 45
1530, 45
1734, 45
2034, 45
2407, 45
2880, 45
3504, 45
3984, 45
4002, 45
3991, 45
3995, 45
4007, 45
3998, 45
3998, 45
4003, 45
3998, 45
3989, 45
3995, 45
3991, 45
4004, 45
3988, 45
3996, 45
3891, 45
3181, 45
2689, 45
2277, 45
1904, 45
1607, 45
1357, 45
1199, 45
1084, 45
1030, 45
999, 45
1007, 46
1039, 46
1072, 46
1104, 46
1136, 46
1166, 46
1186, 46
1207, 46
1210, 46
1217, 46
1220, 46
1221, 46
1207, 46
1196, 46
1191, 46
1177, 46
1164, 46
1149, 46
1142, 46
1133, 46
1130, 46
1126, 46
1131, 46
1135, 46
1147, 46
1147, 46
1170, 46
1205, 46
1283, 46
1411, 46
1633, 46
1925, 46
2288, 46
2693, 46
3178, 46
3807, 46
3994, 46
3991, 46
4003, 46
4001, 46
3991, 46
3998, 46
3993, 46
3998, 46
3990, 46
3995, 46
3475, 46
3061, 46
2731, 46
2397, 46
2060, 46
1720, 46
1412, 46
1161, 46
955, 46
822, 46
721, 46
669, 46
657, 46
673, 46
704, 46
757, 46
825, 46
887, 46
945, 46
1013, 46
1062, 46
1106, 46
1136, 46
1161, 46
1153, 46
1163, 46
1173, 46
1173, 46
1169, 46
1167, 46
1159, 46
1152, 46
1162, 46
1168, 46
1178, 46
1170, 46
1171, 46
1171, 46
1174, 46
1168, 46
1182, 46
1179, 46
1179, 46
1190, 46
1197, 46
1210, 46
1234, 46
1299, 46
1427, 46
1613, 46
1861, 46
2160, 46
2486, 46
2804, 46
3135, 47
3430, 47
3680, 47
3799, 47
3754, 47
3582, 47
3360, 47
3120, 47
2887, 47
2670, 47
2451, 47
2222, 47
1996, 47
1779, 47
1569, 47
1382, 47
1223, 47
1109, 47
1041, 47
998, 47
993, 47
1015, 47
1067, 47
1119, 47
1189, 47
1246, 47
1294, 47
1349, 47
1378, 47
1407, 47
1419, 47
1431, 47
1431, 47
1411, 47
1407, 47
1382, 47
1365, 47
1334, 47
1328, 47
1316, 47
1297, 47
1290, 47
1280, 47
1269, 47
1263, 47
1253, 47
1259, 47
1259, 47
1264, 47
1265, 47
1273, 47
1282, 47
1285, 47
1290, 47
1296, 47
1308, 47
1330, 47
1343, 47
1392, 47
1445, 47
1555, 47
1715, 47
1936, 47
2221, 47
2529, 47
2861, 47
3206, 47
3601, 47
3923, 47
3989, 47
4004, 47
3985, 47
3726, 47
3443, 47
3177, 47
2957, 47
2741, 47
2542, 47
2357, 47
2178, 47
1986, 47
1813, 47
1634, 47
1492, 47
1390, 47
1328, 47
1299, 47
1296, 47
1328, 47
1377, 47
1414, 47
1477, 47
1513, 47
1535, 47
1559, 47
1571, 47
1557, 47
1549, 47
1511, 47
1481, 47
1439, 48
1399, 48
1338, 48
1296, 48
1265, 48
1238, 48
1227, 48
1206, 48
1200, 48
1195, 48
1174, 48
1174, 48
1171, 48
1200, 48
1202, 48
1221, 48
1235, 48
1250, 48
1266, 48
1270, 48
1282, 48
1287, 48
1296, 48
1315, 48
1331, 48
1357, 48
1408, 48
1498, 48
1667, 48
1861, 48
2112, 48
2365, 48
2650, 48
2896, 48
3137, 48
3340, 48
3442, 48
3418, 48
3309, 48
3107, 48
2903, 48
2704, 48
2501, 48
2288, 48
2110, 48
1909, 48
1725, 48
1559, 48
1407, 48
1281, 48
1200, 48
1135, 48
1104, 48
1121, 48
1166, 48
1213, 48
1282, 48
1357, 48
1412, 48
1472, 48
1520, 48
1552, 48
1571, 48
1554, 48
1547, 48
1520, 48
1494, 48
1472, 48
1459, 48
1439, 48
1413, 48
1397, 48
1384, 48
1380, 48
1379, 48
1379, 48
1386, 48
1381, 48
1376, 48
1385, 48
1382, 48
1390, 48
1389, 48
1401, 48
1403, 48
1404, 48
1406, 48
1411, 48
1413, 48
1424, 48
1444, 48
1501, 48
1587, 48
1741, 48
1951, 48
2192, 48
2454, 48
2711, 48
2955, 48
3182, 48
3331, 49
3409, 49
3350, 49
3216, 49
3026, 49
2846, 49
2667, 49
2461, 49
2271, 49
2081, 49
1893, 49
1710, 49
1552, 49
1411, 49
1302, 49
1245, 49
1210, 49
1212, 49
1238, 49
1291, 49
1365, 49
1439, 49
1525, 49
1584, 49
1619, 49
1654, 49
1651, 49
1651, 49
1635, 49
1618, 49
1598, 49
1558, 49
1526, 49
1492, 49
1481, 49
1471, 49
1469, 49
1456, 49
1456, 49
1454, 49
1457, 49
1459, 49
1467, 49
1469, 49
1460, 49
1453, 49
1443, 49
1439, 49
1435, 49
1427, 49
1431, 49
1441, 49
1469, 49
1531, 49
1638, 49
1790, 49
2002, 49
2259, 49
2533, 49
2811, 49
3067, 49
3330, 49
3530, 49
3633, 49
3571, 49
3424, 49
3218, 49
2993, 49
2797, 49
2608, 49
2416, 49
2235, 49
2053, 49
1872, 49
1712, 49
1574, 49
1446, 49
1359, 49
1319, 49
1301, 49
1324, 49
1363, 49
1426, 49
1499, 49
1553, 49
1617, 49
1658, 49
1680, 49
1710, 49
1709, 49
1678, 49
1664, 49
1623, 49
1610, 49
1573, 49
1554, 49
1532, 49
1519, 49
1488, 49
1477, 49
1467, 50
1460, 50
1446, 50
1450, 50
1447, 50
1440, 50
1454, 50
1459, 50
1456, 50
1456, 50
1465, 50
1475, 50
1487, 50
1535, 50
1644, 50
1786, 50
2005, 50
2278, 50
2573, 50
2883, 50
3216, 50
3598, 50
3941, 50
3990, 50
4005, 50
3990, 50
3858, 50
3605, 50
3319, 50
3085, 50
2880, 50
2691, 50
2498, 50
2324, 50
2155, 50
1968, 50
1798, 50
1650, 50
1518, 50
1424, 50
1377, 50
1360, 50
1377, 50
1402, 50
1449, 50
1479, 50
1531, 50
1572, 50
1600, 50
1623, 50
1645, 50
1641, 50
1632, 50
1623, 50
1619, 50
1596, 50
1580, 50
1552, 50
1521, 50
1507, 50
1478, 50
1468, 50
1463, 50
1456, 50
1443, 50
1438, 50
1425, 50
1426, 50
1419, 50
1429, 50
1428, 50
1447, 50
1459, 50
1475, 50
1525, 50
1633, 50
1792, 50
2007, 50
2291, 50
2599, 50
2934, 50
3334, 50
3788, 50
4000, 50
3993, 50
3994, 50
3990, 50
3998, 50
3999, 50
3920, 50
3606, 50
3313, 50
3054, 50
2831, 50
2615, 50
2387, 50
2167, 50
1942, 50
1745, 50
1571, 50
1435, 51
1345, 51
1296, 51
1271, 51
1284, 51
1309, 51
1335, 51
1380, 51
1430, 51
1473, 51
1508, 51
1552, 51
1561, 51
1578, 51
1584, 51
1567, 51
1573, 51
1549, 51
1535, 51
1511, 51
1503, 51
1489, 51
1474, 51
1471, 51
1477, 51
1474, 51
1461, 51
1450, 51
1467, 51
1456, 51
1447, 51
1455, 51
1436, 51
1439, 51
1434, 51
1434, 51
1437, 51
1459, 51
1483, 51
1535, 51
1663, 51
1859, 51
2103, 51
2397, 51
2721, 51
3058, 51
3456, 51
3871, 51
4001, 51
3984, 51
3999, 51
4002, 51
3985, 51
3894, 51
3632, 51
3367, 51
3151, 51
2912, 51
2699, 51
2475, 51
2261, 51
2039, 51
1829, 51
1648, 51
1486, 51
1377, 51
1293, 51
1264, 51
1264, 51
1279, 51
1316, 51
1373, 51
1424, 51
1463, 51
1511, 51
1543, 51
1563, 51
1569, 51
1571, 51
1572, 51
1559, 51
1548, 51
1521, 51
1499, 51
1473, 51
1456, 51
1426, 51
1410, 51
1407, 51
1395, 51
1394, 51
1387, 51
1390, 51
1390, 51
1387, 51
1382, 51
1379, 51
1389, 51
1379, 51
1390, 51
1383, 52
1392, 52
1381, 52
1390, 52
1392, 52
1392, 52
1402, 52
1454, 52
1552, 52
1717, 52
1948, 52
2240, 52
2559, 52
2914, 52
3322, 52
3807, 52
3989, 52
3991, 52
3991, 52
3996, 52
3984, 52
3995, 52
3933, 52
3581, 52
3327, 52
3088, 52
2865, 52
2640, 52
2398, 52
2159, 52
1934, 52
1724, 52
1550, 52
1415, 52
1327, 52
1275, 52
1265, 52
1290, 52
1325, 52
1363, 52
1409, 52
1456, 52
1504, 52
1534, 52
1553, 52
1581, 52
1573, 52
1557, 52
1523, 52
1488, 52
1453, 52
1429, 52
1405, 52
1379, 52
1367, 52
1351, 52
1341, 52
1341, 52
1339, 52
1342, 52
1340, 52
1353, 52
1363, 52
1365, 52
1390, 52
1408, 52
1417, 52
1420, 52
1417, 52
1408, 52
1403, 52
1395, 52
1392, 52
1412, 52
1424, 52
1463, 52
1534, 52
1674, 52
1856, 52
2123, 52
2437, 52
2773, 52
3152, 52
3600, 52
3993, 52
3993, 52
3985, 52
3985, 52
3989, 52
3988, 52
4006, 52
3987, 52
3694, 52
3394, 52
3147, 52
2911, 52
2666, 52
2409, 52
2156, 52
1915, 52
1683, 53
1485, 53
1341, 53
1246, 53
1194, 53
1172, 53
1189, 53
1227, 53
1280, 53
1339, 53
1389, 53
1441, 53
1483, 53
1507, 53
1526, 53
1534, 53
1526, 53
1518, 53
1491, 53
1465, 53
1451, 53
1417, 53
1411, 53
1402, 53
1382, 53
1389, 53
1361, 53
1355, 53
1344, 53
1334, 53
1335, 53
1333, 53
1343, 53
1339, 53
1333, 53
1339, 53
1335, 53
1350, 53
1372, 53
1375, 53
1388, 53
1391, 53
1376, 53
1365, 53
1358, 53
1349, 53
1341, 53
1341, 53
1341, 53
1347, 53
1365, 53
1409, 53
1483, 53
1647, 53
1859, 53
2160, 53
2493, 53
2866, 53
3319, 53
3884, 53
3995, 53
3999, 53
3995, 53
3986, 53
4001, 53
3989, 53
4000, 53
4001, 53
3990, 53
4002, 53
3760, 53
3392, 53
3105, 53
2815, 53
2528, 53
2247, 53
1970, 53
1712, 53
1488, 53
1328, 53
1202, 53
1127, 53
1088, 53
1082, 53
1109, 53
1154, 53
1201, 53
1262, 53
1317, 53
1358, 53
1392, 53
1424, 53
1440, 53
1449, 53
1444, 53
1430, 53
1429, 53
1419, 53
1392, 53
1382, 53
1360, 54
1341, 54
1313, 54
1317, 54
1297, 54
1289, 54
1270, 54
1270, 54
1283, 54
1290, 54
1286, 54
1297, 54
1299, 54
1313, 54
1318, 54
1339, 54
1350, 54
1361, 54
1367, 54
1376, 54
1360, 54
1360, 54
1351, 54
1360, 54
1354, 54
1361, 54
1360, 54
1343, 54
1333, 54
1343, 54
1328, 54
1345, 54
1393, 54
1486, 54
1655, 54
1888, 54
2162, 54
2469, 54
2795, 54
3129, 54
3504, 54
3873, 54
3985, 54
4006, 54
3993, 54
3980, 54
3702, 54
3409, 54
3184, 54
2978, 54
2800, 54
2640, 54
2471, 54
2314, 54
2160, 54
1984, 54
1813, 54
1647, 54
1513, 54
1410, 54
1354, 54
1344, 54
1390, 54
1456, 54
1547, 54
1663, 54
1770, 54
1901, 54
2001, 54
2096, 54
2145, 54
2173, 54
2143, 54
2109, 54
2042, 54
1949, 54
1866, 54
1758, 54
1647, 54
1547, 54
1459, 54
1376, 54
1317, 54
1270, 54
1238, 54
1216, 54
1197, 54
1189, 54
1197, 54
1204, 54
1232, 54
1261, 54
1282, 54
1308, 54
1328, 54
1344, 54
1364, 54
1381, 54
1386, 54
1409, 54
1415, 55
1410, 55
1415, 55
1456, 55
1561, 55
1701, 55
1916, 55
2197, 55
2502, 55
2835, 55
3200, 55
3625, 55
3982, 55
3987, 55
3989, 55
4004, 55
3921, 55
3623, 55
3316, 55
3056, 55
2858, 55
2671, 55
2491, 55
2315, 55
2128, 55
1934, 55
1734, 55
1559, 55
1398, 55
1258, 55
1163, 55
1109, 55
1093, 55
1117, 55
1152, 55
1195, 55
1250, 55
1306, 55
1347, 55
1380, 55
1414, 55
1431, 55
1443, 55
1447, 55
1441, 55
1427, 55
1396, 55
1367, 55
1349, 55
1327, 55
1297, 55
1287, 55
1291, 55
1287, 55
1286, 55
1296, 55
1309, 55
1315, 55
1328, 55
1345, 55
1341, 55
1353, 55
1357, 55
1344, 55
1359, 55
1344, 55
1344, 55
1342, 55
1340, 55
1330, 55
1330, 55
1343, 55
1377, 55
1446, 55
1607, 55
1819, 55
2081, 55
2384, 55
2735, 55
3078, 55
3458, 55
3811, 55
3995, 55
3991, 55
3982, 55
3918, 55
3670, 55
3372, 55
3136, 55
2922, 55
2732, 55
2540, 55
2351, 55
2172, 55
1985, 55
1804, 55
1632, 55
1469, 55
1338, 55
1234, 55
1175, 56
1145, 56
1149, 56
1181, 56
1203, 56
1253, 56
1295, 56
1327, 56
1349, 56
1367, 56
1376, 56
1392, 56
1374, 56
1360, 56
1357, 56
1347, 56
1357, 56
1344, 56
1334, 56
1341, 56
1329, 56
1323, 56
1328, 56
1337, 56
1347, 56
1358, 56
1376, 56
1383, 56
1392, 56
1403, 56
1411, 56
1410, 56
1408, 56
1415, 56
1419, 56
1425, 56
1429, 56
1421, 56
1423, 56
1411, 56
1413, 56
1418, 56
1409, 56
1409, 56
1434, 56
1474, 56
1579, 56
1740, 56
1966, 56
2243, 56
2546, 56
2864, 56
3201, 56
3568, 56
3872, 56
3988, 56
3998, 56
3849, 56
3604, 56
3335, 56
3109, 56
2880, 56
2697, 56
2503, 56
2323, 56
2144, 56
1968, 56
1797, 56
1631, 56
1477, 56
1372, 56
1295, 56
1255, 56
1247, 56
1279, 56
1328, 56
1396, 56
1467, 56
1535, 56
1621, 56
1693, 56
1767, 56
1819, 56
1840, 56
1845, 56
1834, 56
1808, 56
1770, 56
1710, 56
1648, 56
1591, 56
1520, 56
1465, 56
1414, 56
1389, 56
1353, 56
1331, 56
1317, 56
1311, 56
1296, 56
1296, 57
1290, 57
1281, 57
1289, 57
1305, 57
1319, 57
1352, 57
1383, 57
1433, 57
1507, 57
1623, 57
1789, 57
2013, 57
2292, 57
2629, 57
2985, 57
3380, 57
3856, 57
3991, 57
3997, 57
3983, 57
3992, 57
3986, 57
3983, 57
3577, 57
3248, 57
2986, 57
2750, 57
2527, 57
2320, 57
2114, 57
1907, 57
1696, 57
1507, 57
1358, 57
1245, 57
1166, 57
1122, 57
1116, 57
1135, 57
1168, 57
1226, 57
1277, 57
1322, 57
1360, 57
1392, 57
1410, 57
1423, 57
1424, 57
1418, 57
1403, 57
1389, 57
1379, 57
1356, 57
1346, 57
1328, 57
1309, 57
1297, 57
1289, 57
1277, 57
1274, 57
1271, 57
1280, 57
1274, 57
1264, 57
1282, 57
1289, 57
1282, 57
1296, 57
1313, 57
1326, 57
1379, 57
1491, 57
1680, 57
1907, 57
2193, 57
2498, 57
2813, 57
3157, 57
3533, 57
3920, 57
3995, 57
3983, 57
3984, 57
3984, 57
3728, 57
3397, 57
3099, 57
2850, 57
2611, 57
2397, 57
2179, 57
1958, 57
1740, 57
1543, 57
1371, 57
1229, 57
1130, 57
1088, 57
1062, 57
1102, 58
1139, 58
1209, 58
1279, 58
1333, 58
1387, 58
1431, 58
1473, 58
1490, 58
1499, 58
1493, 58
1488, 58
1475, 58
1458, 58
1424, 58
1399, 58
1377, 58
1349, 58
1349, 58
1328, 58
1319, 58
1308, 58
1307, 58
1309, 58
1314, 58
1325, 58
1343, 58
1344, 58
1339, 58
1343, 58
1344, 58
1356, 58
1367, 58
1367, 58
1405, 58
1456, 58
1553, 58
1712, 58
1936, 58
2213, 58
2517, 58
2853, 58
3184, 58
3541, 58
3861, 58
3989, 58
3997, 58
3874, 58
3632, 58
3360, 58
3120, 58
2880, 58
2674, 58
2481, 58
2288, 58
2123, 58
1935, 58
1763, 58
1600, 58
1440, 58
1325, 58
1244, 58
1208, 58
1194, 58
1205, 58
1232, 58
1290, 58
1346, 58
1393, 58
1441, 58
1475, 58
1491, 58
1521, 58
1521, 58
1520, 58
1493, 58
1472, 58
1456, 58
1442, 58
1420, 58
1405, 58
1395, 58
1387, 58
1381, 58
1366, 58
1360, 58
1359, 58
1344, 58
1335, 58
1322, 58
1323, 58
1309, 58
1312, 58
1319, 58
1313, 58
1307, 58
1323, 58
1323, 58
1328, 58
1358, 58
1418, 59
1521, 59
1697, 59
1936, 59
2221, 59
2521, 59
2831, 59
3137, 59
3412, 59
3674, 59
3793, 59
3779, 59
3598, 59
3362, 59
3138, 59
2917, 59
2717, 59
2521, 59
2351, 59
2194, 59
2032, 59
1857, 59
1707, 59
1554, 59
1423, 59
1329, 59
1293, 59
1270, 59
1282, 59
1325, 59
1370, 59
1442, 59
1499, 59
1553, 59
1601, 59
1621, 59
1635, 59
1630, 59
1617, 59
1603, 59
1584, 59
1552, 59
1520, 59
1489, 59
1456, 59
1438, 59
1416, 59
1392, 59
1377, 59
1377, 59
1363, 59
1369, 59
1359, 59
1356, 59
1357, 59
1360, 59
1360, 59
1370, 59
1379, 59
1405, 59
1418, 59
1467, 59
1582, 59
1727, 59
1952, 59
2204, 59
2487, 59
2782, 59
3070, 59
3338, 59
3554, 59
3670, 59
3664, 59
3488, 59
3298, 59
3082, 59
2867, 59
2674, 59
2480, 59
2304, 59
2114, 59
1932, 59
1754, 59
1600, 59
1455, 59
1341, 59
1261, 59
1219, 59
1217, 59
1238, 59
1281, 59
1312, 59
1370, 59
1413, 59
1455, 59
1489, 59
1519, 59
1546, 59
1552, 59
1561, 59
1552, 60
1530, 60
1518, 60
1499, 60
1473, 60
1470, 60
1449, 60
1445, 60
1440, 60
1435, 60
1423, 60
1413, 60
1393, 60
1394, 60
1377, 60
1371, 60
1373, 60
1391, 60
1397, 60
1413, 60
1441, 60
1514, 60
1645, 60
1834, 60
2086, 60
2375, 60
2691, 60
3008, 60
3374, 60
3745, 60
3965, 60
4004, 60
3995, 60
3807, 60
3532, 60
3252, 60
3003, 60
2783, 60
2586, 60
2393, 60
2207, 60
2023, 60
1851, 60
1671, 60
1511, 60
1386, 60
1295, 60
1248, 60
1242, 60
1248, 60
1276, 60
1318, 60
1370, 60
1407, 60
1453, 60
1473, 60
1491, 60
1505, 60
1493, 60
1478, 60
1451, 60
1429, 60
1404, 60
1367, 60
1360, 60
1344, 60
1328, 60
1319, 60
1323, 60
1312, 60
1319, 60
1318, 60
1319, 60
1328, 60
1344, 60
1360, 60
1391, 60
1395, 60
1418, 60
1446, 60
1521, 60
1642, 60
1836, 60
2107, 60
2437, 60
2829, 60
3359, 60
3998, 60
3997, 60
3994, 60
4000, 60
3999, 60
3993, 60
3992, 60
3992, 60
4000, 60
3985, 60
4001, 60
3995, 60
3989, 60
4001, 61
3985, 61
4001, 61
3994, 61
3754, 61
3084, 61
2661, 61
2297, 61
1974, 61
1730, 61
1525, 61
1383, 61
1278, 61
1200, 61
1160, 61
1120, 61
1120, 61
1114, 61
1134, 61
1143, 61
1168, 61
1191, 61
1211, 61
1231, 61
1266, 61
1294, 61
1319, 61
1344, 61
1373, 61
1392, 61
1407, 61
1417, 61
1412, 61
1421, 61
1421, 61
1433, 61
1456, 61
1510, 61
1660, 61
1851, 61
2106, 61
2442, 61
2801, 61
3203, 61
3699, 61
4000, 61
3997, 61
3996, 61
3997, 61
4010, 61
3999, 61
3997, 61
3794, 61
3481, 61
3200, 61
2937, 61
2688, 61
2442, 61
2187, 61
1934, 61
1691, 61
1477, 61
1296, 61
1152, 61
1073, 61
1030, 61
1021, 61
1049, 61
1087, 61
1133, 61
1189, 61
1238, 61
1296, 61
1328, 61
1353, 61
1367, 61
1387, 61
1394, 61
1393, 61
1367, 61
1355, 61
1329, 61
1322, 61
1291, 61
1277, 61
1258, 61
1245, 61
1229, 61
1221, 61
1218, 61
1214, 61
1224, 61
1232, 61
1257, 61
1299, 61
1379, 61
1518, 61
1722, 61
1989, 61
2325, 61
2688, 62
3088, 62
3583, 62
3991, 62
3990, 62
4001, 62
3987, 62
4000, 62
3999, 62
3995, 62
3888, 62
3493, 62
3177, 62
2895, 62
2624, 62
2352, 62
2092, 62
1821, 62
1577, 62
1374, 62
1223, 62
1095, 62
1023, 62
1006, 62
1018, 62
1060, 62
1113, 62
1174, 62
1232, 62
1275, 62
1328, 62
1371, 62
1381, 62
1404, 62
1400, 62
1405, 62
1395, 62
1397, 62
1375, 62
1360, 62
1338, 62
1326, 62
1307, 62
1287, 62
1283, 62
1266, 62
1264, 62
1260, 62
1254, 62
1246, 62
1246, 62
1248, 62
1250, 62
1233, 62
1227, 62
1238, 62
1232, 62
1258, 62
1322, 62
1439, 62
1648, 62
1905, 62
2247, 62
2615, 62
3028, 62
3520, 62
4004, 62
3989, 62
3991, 62
3998, 62
3994, 62
4005, 62
3998, 62
4003, 62
3984, 62
3581, 62
3248, 62
2946, 62
2672, 62
2394, 62
2123, 62
1840, 62
1602, 62
1403, 62
1232, 62
1131, 62
1071, 62
1055, 62
1056, 62
1099, 62
1145, 62
1193, 62
1242, 62
1283, 62
1330, 62
1360, 62
1394, 62
1410, 62
1412, 62
1405, 62
1392, 63
1367, 63
1358, 63
1353, 63
1343, 63
1323, 63
1311, 63
1302, 63
1300, 63
1301, 63
1292, 63
1296, 63
1296, 63
1301, 63
1295, 63
1287, 63
1271, 63
1264, 63
1264, 63
1250, 63
1248, 63
1222, 63
1200, 63
1200, 63
1189, 63
1200, 63
1201, 63
1242, 63
1311, 63
1454, 63
1665, 63
1936, 63
2261, 63
2631, 63
3024, 63
3505, 63
4006, 63
3991, 63
3994, 63
4006, 63
4003, 63
3991, 63
3991, 63
4002, 63
3635, 63
3303, 63
3039, 63
2791, 63
2545, 63
2305, 63
2043, 63
1828, 63
1614, 63
1419, 63
1287, 63
1193, 63
1136, 63
1122, 63
1129, 63
1161, 63
1202, 63
1244, 63
1294, 63
1341, 63
1378, 63
1382, 63
1395, 63
1402, 63
1398, 63
1391, 63
1397, 63
1383, 63
1375, 63
1358, 63
1333, 63
1315, 63
1302, 63
1277, 63
1277, 63
1264, 63
1257, 63
1251, 63
1253, 63
1249, 63
1251, 63
1264, 63
1261, 63
1248, 63
1251, 63
1242, 63
1232, 63
1221, 63
1245, 63
1264, 63
1284, 63
1318, 63
1362, 63
1455, 63
1615, 63
1814, 63
2076, 64
2338, 64
2643, 64
2925, 64
3206, 64
3441, 64
3580, 64
3611, 64
3533, 64
3368, 64
3188, 64
3010, 64
2842, 64
2669, 64
2502, 64
2336, 64
2176, 64
1999, 64
1810, 64
1644, 64
1488, 64
1354, 64
1255, 64
1194, 64
1170, 64
1169, 64
1211, 64
1254, 64
1306, 64
1359, 64
1408, 64
1442, 64
1463, 64
1488, 64
1488, 64
1488, 64
1484, 64
1465, 64
1454, 64
1440, 64
1429, 64
1411, 64
1397, 64
1392, 64
1377, 64
1360, 64
1365, 64
1361, 64
1379, 64
1385, 64
1392, 64
1397, 64
1408, 64
1408, 64
1414, 64
1410, 64
1395, 64
1392, 64
1394, 64
1390, 64
1395, 64
1402, 64
1425, 64
1475, 64
1599, 64
1776, 64
2009, 64
2278, 64
2585, 64
2885, 64
3189, 64
3463, 64
3686, 64
3751, 64
3713, 64
3537, 64
3318, 64
3099, 64
2909, 64
2730, 64
2547, 64
2371, 64
2213, 64
2039, 64
1872, 64
1705, 64
1552, 64
1433, 64
1342, 64
1275, 64
1263, 64
1271, 64
1291, 64
1328, 64
1372, 64
1415, 64
1458, 64
1491, 64
1531, 64
1557, 64
1562, 65
1557, 65
1552, 65
1524, 65
1513, 65
1489, 65
1469, 65
1453, 65
1427, 65
1418, 65
1405, 65
1394, 65
1379, 65
1351, 65
1350, 65
1347, 65
1357, 65
1371, 65
1379, 65
1392, 65
1392, 65
1392, 65
1394, 65
1402, 65
1428, 65
1489, 65
1633, 65
1815, 65
2074, 65
2359, 65
2656, 65
2945, 65
3248, 65
3529, 65
3749, 65
3829, 65
3773, 65
3626, 65
3403, 65
3179, 65
2979, 65
2789, 65
2615, 65
2443, 65
2287, 65
2111, 65
1929, 65
1763, 65
1599, 65
1463, 65
1349, 65
1281, 65
1245, 65
1243, 65
1271, 65
1309, 65
1365, 65
1402, 65
1453, 65
1489, 65
1504, 65
1535, 65
1551, 65
1549, 65
1535, 65
1524, 65
1498, 65
1474, 65
1456, 65
1430, 65
1421, 65
1402, 65
1393, 65
1390, 65
1372, 65
1369, 65
1367, 65
1362, 65
1357, 65
1360, 65
1345, 65
1363, 65
1360, 65
1376, 65
1395, 65
1454, 65
1530, 65
1680, 65
1894, 65
2160, 65
2450, 65
2770, 65
3093, 65
3443, 65
3767, 65
3967, 65
3987, 65
3977, 65
3784, 65
3549, 65
3297, 66
3090, 66
2898, 66
2735, 66
2559, 66
2384, 66
2208, 66
2028, 66
1840, 66
1678, 66
1513, 66
1390, 66
1313, 66
1262, 66
1237, 66
1258, 66
1280, 66
1329, 66
1395, 66
1432, 66
1459, 66
1498, 66
1510, 66
1507, 66
1514, 66
1513, 66
1488, 66
1486, 66
1466, 66
1450, 66
1421, 66
1413, 66
1420, 66
1411, 66
1408, 66
1387, 66
1391, 66
1392, 66
1392, 66
1406, 66
1408, 66
1393, 66
1405, 66
1401, 66
1394, 66
1385, 66
1386, 66
1390, 66
1409, 66
1456, 66
1562, 66
1719, 66
1943, 66
2231, 66
2546, 66
2896, 66
3280, 66
3710, 66
3995, 66
3995, 66
3997, 66
3987, 66
3998, 66
3840, 66
3546, 66
3283, 66
3056, 66
2878, 66
2699, 66
2508, 66
2320, 66
2109, 66
1904, 66
1728, 66
1553, 66
1428, 66
1314, 66
1262, 66
1227, 66
1220, 66
1232, 66
1262, 66
1308, 66
1356, 66
1410, 66
1442, 66
1474, 66
1505, 66
1501, 66
1499, 66
1488, 66
1469, 66
1443, 66
1424, 66
1419, 66
1408, 66
1389, 66
1378, 66
1374, 66
1375, 66
1360, 67
1353, 67
1360, 67
1344, 67
1341, 67
1347, 67
1339, 67
1354, 67
1357, 67
1371, 67
1361, 67
1365, 67
1381, 67
1381, 67
1393, 67
1429, 67
1474, 67
1595, 67
1771, 67
2001, 67
2304, 67
2623, 67
2955, 67
3323, 67
3717, 67
3996, 67
4000, 67
3986, 67
3991, 67
3993, 67
3744, 67
3470, 67
3214, 67
2992, 67
2798, 67
2598, 67
2389, 67
2186, 67
1979, 67
1774, 67
1577, 67
1410, 67
1272, 67
1201, 67
1157, 67
1160, 67
1182, 67
1228, 67
1275, 67
1318, 67
1365, 67
1406, 67
1443, 67
1463, 67
1488, 67
1489, 67
1490, 67
1471, 67
1464, 67
1443, 67
1425, 67
1406, 67
1384, 67
1375, 67
1362, 67
1360, 67
1344, 67
1340, 67
1338, 67
1344, 67
1341, 67
1354, 67
1363, 67
1363, 67
1377, 67
1381, 67
1381, 67
1386, 67
1388, 67
1385, 67
1383, 67
1382, 67
1375, 67
1374, 67
1383, 67
1403, 67
1462, 67
1600, 67
1793, 67
2038, 67
2339, 67
2637, 67
2918, 67
3194, 67
3440, 67
3607, 67
3664, 67
3600, 67
3473, 67
3325, 67
3197, 68
3057, 68
2979, 68
2896, 68
2828, 68
2749, 68
2673, 68
2559, 68
2437, 68
2299, 68
2176, 68
2062, 68
1982, 68
1895, 68
1845, 68
1823, 68
1792, 68
1776, 68
1776, 68
1767, 68
1743, 68
1714, 68
1695, 68
1664, 68
1633, 68
1605, 68
1573, 68
1570, 68
1561, 68
1550, 68
1552, 68
1548, 68
1555, 68
1563, 68
1568, 68
1552, 68
1530, 68
1533, 68
1520, 68
1515, 68
1499, 68
1489, 68
1476, 68
1459, 68
1445, 68
1424, 68
1418, 68
1438, 68
1488, 68
1600, 68
1782, 68
2054, 68
2363, 68
2730, 68
3142, 68
3678, 68
4005, 68
3989, 68
3995, 68
3997, 68
3990, 68
3989, 68
4002, 68
3998, 68
3997, 68
3627, 68
3262, 68
2960, 68
2672, 68
2389, 68
2099, 68
1830, 68
1595, 68
1408, 68
1261, 68
1177, 68
1133, 68
1125, 68
1139, 68
1187, 68
1237, 68
1294, 68
1343, 68
1383, 68
1411, 68
1442, 68
1466, 68
1469, 68
1469, 68
1456, 68
1429, 68
1399, 68
1373, 68
1344, 68
1319, 68
1305, 68
1296, 68
1284, 68
1264, 68
1264, 68
1261, 69
1264, 69
1255, 69
1251, 69
1258, 69
1261, 69
1264, 69
1274, 69
1286, 69
1313, 69
1375, 69
1469, 69
1625, 69
1853, 69
2140, 69
2479, 69
2860, 69
3287, 69
3862, 69
3989, 69
4014, 69
4016, 69
3995, 69
4001, 69
3999, 69
3989, 69
4002, 69
3813, 69
3465, 69
3171, 69
2891, 69
2653, 69
2394, 69
2128, 69
1861, 69
1602, 69
1380, 69
1188, 69
1057, 69
974, 69
931, 69
926, 69
933, 69
975, 69
1034, 69
1086, 69
1136, 69
1198, 69
1231, 69
1254, 69
1264, 69
1281, 69
1285, 69
1282, 69
1297, 69
1287, 69
1273, 69
1265, 69
1257, 69
1267, 69
1272, 69
1282, 69
1269, 69
1270, 69
1275, 69
1282, 69
1293, 69
1284, 69
1280, 69
1282, 69
1288, 69
1292, 69
1283, 69
1283, 69
1290, 69
1288, 69
1311, 69
1336, 69
1403, 69
1520, 69
1703, 69
1944, 69
2240, 69
2559, 69
2878, 69
3216, 69
3550, 69
3804, 69
3952, 69
3974, 69
3869, 69
3676, 69
3472, 69
3281, 69
3109, 69
2943, 69
2791, 69
2631, 69
2438, 69
2253, 69
2039, 70
1853, 70
1680, 70
1535, 70
1434, 70
1374, 70
1332, 70
1337, 70
1348, 70
1370, 70
1373, 70
1395, 70
1413, 70
1424, 70
1434, 70
1441, 70
1455, 70
1449, 70
1435, 70
1422, 70
1408, 70
1392, 70
1376, 70
1383, 70
1373, 70
1376, 70
1390, 70
1377, 70
1408, 70
1423, 70
1443, 70
1462, 70
1486, 70
1499, 70
1509, 70
1504, 70
1495, 70
1489, 70
1456, 70
1447, 70
1422, 70
1412, 70
1401, 70
1398, 70
1395, 70
1409, 70
1456, 70
1568, 70
1745, 70
1972, 70
2268, 70
2587, 70
2909, 70
3247, 70
3552, 70
3781, 70
3836, 70
3721, 70
3518, 70
3249, 70
3008, 70
2774, 70
2546, 70
2345, 70
2157, 70
1966, 70
1793, 70
1611, 70
1445, 70
1289, 70
1189, 70
1119, 70
1083, 70
1079, 70
1117, 70
1174, 70
1238, 70
1325, 70
1392, 70
1447, 70
1488, 70
1519, 70
1520, 70
1534, 70
1530, 70
1518, 70
1505, 70
1479, 70
1459, 70
1439, 70
1424, 70
1393, 70
1360, 70
1334, 70
1316, 70
1301, 70
1302, 70
1293, 70
1296, 70
1298, 70
1312, 71
1316, 71
1317, 71
1335, 71
1339, 71
1341, 71
1328, 71
1328, 71
1328, 71
1327, 71
1328, 71
1341, 71
1354, 71
1402, 71
1484, 71
1649, 71
1855, 71
2114, 71
2385, 71
2657, 71
2894, 71
3070, 71
3207, 71
3249, 71
3191, 71
3067, 71
2899, 71
2721, 71
2531, 71
2355, 71
2192, 71
2021, 71
1858, 71
1710, 71
1552, 71
1422, 71
1307, 71
1237, 71
1212, 71
1219, 71
1264, 71
1323, 71
1390, 71
1469, 71
1562, 71
1632, 71
1699, 71
1749, 71
1779, 71
1798, 71
1798, 71
1786, 71
1758, 71
1722, 71
1694, 71
1659, 71
1617, 71
1580, 71
1549, 71
1511, 71
1488, 71
1470, 71
1461, 71
1440, 71
1436, 71
1434, 71
1431, 71
1444, 71
1443, 71
1440, 71
1437, 71
1431, 71
1426, 71
1424, 71
1439, 71
1487, 71
1582, 71
1751, 71
1975, 71
2240, 71
2512, 71
2803, 71
3067, 71
3319, 71
3484, 71
3533, 71
3485, 71
3333, 71
3130, 71
2930, 71
2731, 71
2524, 71
2350, 71
2171, 71
2002, 71
1829, 71
1667, 71
1517, 71
1383, 71
1289, 71
1222, 72
1199, 72
1216, 72
1259, 72
1302, 72
1366, 72
1436, 72
1489, 72
1535, 72
1570, 72
1584, 72
1593, 72
1584, 72
1564, 72
1554, 72
1531, 72
1507, 72
1478, 72
1468, 72
1446, 72
1423, 72
1415, 72
1394, 72
1387, 72
1380, 72
1373, 72
1377, 72
1389, 72
1392, 72
1399, 72
1408, 72
1405, 72
1414, 72
1436, 72
1485, 72
1579, 72
1712, 72
1931, 72
2191, 72
2480, 72
2798, 72
3120, 72
3465, 72
3775, 72
3993, 72
3986, 72
3975, 72
3749, 72
3473, 72
3216, 72
2978, 72
2774, 72
2586, 72
2403, 72
2231, 72
2042, 72
1856, 72
1685, 72
1520, 72
1407, 72
1322, 72
1279, 72
1264, 72
1281, 72
1322, 72
1358, 72
1414, 72
1467, 72
1511, 72
1555, 72
1583, 72
1595, 72
1612, 72
1600, 72
1581, 72
1556, 72
1520, 72
1503, 72
1488, 72
1473, 72
1442, 72
1426, 72
1411, 72
1392, 72
1383, 72
1383, 72
1374, 72
1367, 72
1375, 72
1375, 72
1373, 72
1379, 72
1391, 72
1405, 72
1430, 72
1491, 72
1603, 72
1771, 72
2000, 72
2287, 72
2604, 73
2915, 73
3248, 73
3603, 73
3853, 73
3984, 73
3991, 73
3818, 73
3574, 73
3324, 73
3100, 73
2881, 73
2695, 73
2517, 73
2352, 73
2181, 73
2000, 73
1833, 73
1674, 73
1535, 73
1457, 73
1419, 73
1396, 73
1419, 73
1461, 73
1552, 73
1666, 73
1783, 73
1922, 73
2032, 73
2126, 73
2189, 73
2213, 73
2224, 73
2194, 73
2135, 73
2064, 73
1991, 73
1899, 73
1808, 73
1729, 73
1650, 73
1584, 73
1520, 73
1462, 73
1426, 73
1410, 73
1396, 73
1393, 73
1379, 73
1381, 73
1405, 73
1428, 73
1458, 73
1523, 73
1645, 73
1827, 73
2096, 73
2407, 73
2791, 73
3228, 73
3842, 73
3990, 73
4003, 73
3998, 73
3970, 73
4007, 73
4004, 73
3991, 73
3999, 73
4001, 73
3995, 73
3997, 73
3484, 73
3107, 73
2765, 73
2434, 73
2114, 73
1825, 73
1566, 73
1356, 73
1195, 73
1104, 73
1060, 73
1065, 73
1102, 73
1149, 73
1214, 73
1272, 73
1333, 73
1386, 73
1423, 73
1433, 73
1462, 73
1458, 73
1466, 73
1453, 73
1441, 73
1424, 73
1417, 73
1422, 74
1411, 74
1408, 74
1397, 74
1404, 74
1393, 74
1397, 74
1387, 74
1362, 74
1355, 74
1346, 74
1330, 74
1328, 74
1344, 74
1408, 74
1546, 74
1755, 74
2034, 74
2388, 74
2797, 74
3248, 74
3871, 74
3989, 74
4003, 74
4000, 74
4002, 74
3984, 74
3998, 74
3995, 74
3994, 74
3996, 74
3857, 74
3435, 74
3083, 74
2785, 74
2486, 74
2189, 74
1883, 74
1595, 74
1349, 74
1146, 74
982, 74
882, 74
837, 74
830, 74
859, 74
912, 74
967, 74
1039, 74
1110, 74
1168, 74
1239, 74
1289, 74
1333, 74
1359, 74
1364, 74
1371, 74
1365, 74
1353, 74
1347, 74
1331, 74
1319, 74
1303, 74
1291, 74
1276, 74
1264, 74
1255, 74
1245, 74
1247, 74
1242, 74
1241, 74
1237, 74
1248, 74
1242, 74
1262, 74
1267, 74
1296, 74
1357, 74
1436, 74
1603, 74
1839, 74
2129, 74
2461, 74
2832, 74
3217, 74
3687, 74
3991, 74
3991, 74
4007, 74
4001, 74
3989, 74
3995, 74
3997, 74
3710, 74
3391, 74
3121, 74
2882, 74
2652, 74
2397, 74
2139, 74
1873, 75
1629, 75
1414, 75
1232, 75
1106, 75
1021, 75
995, 75
987, 75
1009, 75
1063, 75
1104, 75
1146, 75
1202, 75
1251, 75
1297, 75
1314, 75
1344, 75
1347, 75
1349, 75
1360, 75
1361, 75
1345, 75
1353, 75
1335, 75
1333, 75
1327, 75
1320, 75
1323, 75
1310, 75
1299, 75
1299, 75
1305, 75
1309, 75
1328, 75
1328, 75
1339, 75
1348, 75
1341, 75
1341, 75
1328, 75
1320, 75
1305, 75
1311, 75
1303, 75
1307, 75
1328, 75
1362, 75
1455, 75
1603, 75
1835, 75
2121, 75
2445, 75
2803, 75
3186, 75
3642, 75
3989, 75
4011, 75
4006, 75
3997, 75
4013, 75
3994, 75
3652, 75
3365, 75
3117, 75
2881, 75
2660, 75
2446, 75
2219, 75
1983, 75
1754, 75
1535, 75
1350, 75
1200, 75
1091, 75
1044, 75
1023, 75
1051, 75
1097, 75
1155, 75
1217, 75
1274, 75
1345, 75
1385, 75
1425, 75
1455, 75
1475, 75
1466, 75
1463, 75
1453, 75
1450, 75
1423, 75
1415, 75
1393, 75
1382, 75
1360, 75
1360, 75
1333, 75
1333, 75
1339, 75
1344, 75
1354, 76
1358, 76
1367, 76
1377, 76
1392, 76
1399, 76
1407, 76
1392, 76
1376, 76
1359, 76
1360, 76
1344, 76
1334, 76
1317, 76
1318, 76
1324, 76
1329, 76
1352, 76
1401, 76
1492, 76
1661, 76
1893, 76
2176, 76
2495, 76
2830, 76
3193, 76
3553, 76
3866, 76
4002, 76
3993, 76
3908, 76
3693, 76
3423, 76
3168, 76
2939, 76
2732, 76
2541, 76
2343, 76
2138, 76
1930, 76
1725, 76
1555, 76
1394, 76
1287, 76
1202, 76
1166, 76
1157, 76
1189, 76
1229, 76
1270, 76
1328, 76
1375, 76
1422, 76
1463, 76
1488, 76
1502, 76
1502, 76
1503, 76
1495, 76
1485, 76
1483, 76
1457, 76
1449, 76
1437, 76
1438, 76
1419, 76
1408, 76
1405, 76
1397, 76
1379, 76
1367, 76
1362, 76
1371, 76
1371, 76
1374, 76
1375, 76
1378, 76
1385, 76
1382, 76
1393, 76
1404, 76
1434, 76
1507, 76
1650, 76
1840, 76
2085, 76
2363, 76
2668, 76
2974, 76
3280, 76
3579, 76
3767, 76
3835, 76
3755, 76
3568, 76
3342, 76
3132, 76
2928, 76
2750, 76
2559, 76
2374, 77
2198, 77
1989, 77
1803, 77
1625, 77
1467, 77
1346, 77
1266, 77
1215, 77
1200, 77
1210, 77
1231, 77
1269, 77
1325, 77
1370, 77
1428, 77
1467, 77
1500, 77
1511, 77
1520, 77
1507, 77
1506, 77
1493, 77
1476, 77
1456, 77
1432, 77
1408, 77
1394, 77
1383, 77
1371, 77
1360, 77
1362, 77
1359, 77
1357, 77
1354, 77
1353, 77
1346, 77
1345, 77
1347, 77
1357, 77
1360, 77
1392, 77
1450, 77
1550, 77
1713, 77
1948, 77
2226, 77
2544, 77
2887, 77
3265, 77
3695, 77
3990, 77
4010, 77
4006, 77
3984, 77
3995, 77
3856, 77
3566, 77
3294, 77
3059, 77
2875, 77
2683, 77
2502, 77
2311, 77
2102, 77
1892, 77
1703, 77
1520, 77
1364, 77
1264, 77
1185, 77
1153, 77
1155, 77
1182, 77
1222, 77
1259, 77
1314, 77
1360, 77
1399, 77
1436, 77
1450, 77
1457, 77
1462, 77
1466, 77
1456, 77
1453, 77
1434, 77
1419, 77
1395, 77
1392, 77
1386, 77
1376, 77
1361, 77
1361, 77
1357, 77
1359, 77
1356, 77
1349, 77
1342, 77
1330, 77
1330, 78
1333, 78
1328, 78
1338, 78
1353, 78
1391, 78
1443, 78
1550, 78
1722, 78
1952, 78
2225, 78
2517, 78
2810, 78
3088, 78
3344, 78
3555, 78
3650, 78
3639, 78
3527, 78
3367, 78
3191, 78
3019, 78
2847, 78
2699, 78
2542, 78
2402, 78
2255, 78
2094, 78
1921, 78
1761, 78
1601, 78
1463, 78
1363, 78
1299, 78
1261, 78
1253, 78
1264, 78
1295, 78
1334, 78
1387, 78
1427, 78
1469, 78
1483, 78
1514, 78
1515, 78
1507, 78
1502, 78
1495, 78
1490, 78
1477, 78
1454, 78
1429, 78
1425, 78
1409, 78
1408, 78
1401, 78
1397, 78
1399, 78
1398, 78
1408, 78
1415, 78
1429, 78
1445, 78
1466, 78
1479, 78
1520, 78
1574, 78
1626, 78
1680, 78
1739, 78
1808, 78
1890, 78
2001, 78
2170, 78
2365, 78
2601, 78
2853, 78
3120, 78
3410, 78
3648, 78
3829, 78
3871, 78
3793, 78
3607, 78
3415, 78
3214, 78
3011, 78
2855, 78
2706, 78
2551, 78
2403, 78
2256, 78
2096, 78
1931, 78
1777, 78
1648, 78
1543, 78
1474, 78
1450, 78
1431, 78
1459, 79
1507, 79
1559, 79
1604, 79
1639, 79
1667, 79
1683, 79
1685, 79
1697, 79
1673, 79
1651, 79
1629, 79
1586, 79
1545, 79
1510, 79
1488, 79
1451, 79
1437, 79
1415, 79
1398, 79
1409, 79
1410, 79
1433, 79
1430, 79
1445, 79
1457, 79
1456, 79
1459, 79
1455, 79
1456, 79
1456, 79
1447, 79
1456, 79
1469, 79
1495, 79
1587, 79
1735, 79
1947, 79
2198, 79
2464, 79
2742, 79
3024, 79
3313, 79
3550, 79
3727, 79
3755, 79
3693, 79
3577, 79
3425, 79
3258, 79
3104, 79
2959, 79
2816, 79
2678, 79
2533, 79
2374, 79
2214, 79
2045, 79
1878, 79
1727, 79
1613, 79
1513, 79
1427, 79
1386, 79
1373, 79
1364, 79
1381, 79
1392, 79
1419, 79
1424, 79
1429, 79
1419, 79
1415, 79
1398, 79
1391, 79
1377, 79
1357, 79
1349, 79
1333, 79
1328, 79
1325, 79
1326, 79
1328, 79
1349, 79
1351, 79
1371, 79
1382, 79
1395, 79
1407, 79
1424, 79
1419, 79
1428, 79
1405, 79
1394, 79
1369, 79
1364, 79
1348, 79
1342, 79
1326, 79
1328, 79
1345, 80
1431, 80
1566, 80
1753, 80
1990, 80
2273, 80
2549, 80
2814, 80
3043, 80
3242, 80
3365, 80
3411, 80
3376, 80
3265, 80
3117, 80
2965, 80
2803, 80
2654, 80
2496, 80
2363, 80
2224, 80
2064, 80
1910, 80
1743, 80
1602, 80
1472, 80
1390, 80
1333, 80
1317, 80
1327, 80
1357, 80
1403, 80
1435, 80
1483, 80
1523, 80
1566, 80
1593, 80
1611, 80
1601, 80
1586, 80
1567, 80
1545, 80
1510, 80
1485, 80
1453, 80
1424, 80
1394, 80
1385, 80
1377, 80
1373, 80
1370, 80
1386, 80
1397, 80
1412, 80
1431, 80
1459, 80
1475, 80
1488, 80
1485, 80
1485, 80
1459, 80
1427, 80
1414, 80
1386, 80
1369, 80
1360, 80
1350, 80
1345, 80
1335, 80
1357, 80
1392, 80
1473, 80
1635, 80
1840, 80
2095, 80
2348, 80
2594, 80
2827, 80
3015, 80
3179, 80
3262, 80
3264, 80
3201, 80
3101, 80
2981, 80
2833, 80
2690, 80
2540, 80
2407, 80
2259, 80
2114, 80
1963, 80
1835, 80
1715, 80
1609, 80
1525, 80
1472, 80
1459, 80
1475, 80
1501, 80
1551, 81
1584, 81
1633, 81
1680, 81
1712, 81
1727, 81
1735, 81
1725, 81
1712, 81
1690, 81
1664, 81
1633, 81
1599, 81
1564, 81
1530, 81
1495, 81
1472, 81
1468, 81
1456, 81
1458, 81
1473, 81
1486, 81
1488, 81
1502, 81
1505, 81
1514, 81
1530, 81
1533, 81
1529, 81
1548, 81
1529, 81
1529, 81
1523, 81
1515, 81
1497, 81
1491, 81
1494, 81
1491, 81
1501, 81
1525, 81
1621, 81
1759, 81
1963, 81
2207, 81
2447, 81
2695, 81
2912, 81
3089, 81
3201, 81
3245, 81
3196, 81
3088, 81
2937, 81
2779, 81
2625, 81
2453, 81
2314, 81
2168, 81
2047, 81
1904, 81
1772, 81
1642, 81
1534, 81
1438, 81
1370, 81
1333, 81
1331, 81
1355, 81
1403, 81
1445, 81
1490, 81
1545, 81
1586, 81
1610, 81
1614, 81
1612, 81
1584, 81
1551, 81
1509, 81
1469, 81
1435, 81
1397, 81
1387, 81
1367, 81
1357, 81
1353, 81
1359, 81
1377, 81
1393, 81
1414, 81
1442, 81
1456, 81
1469, 81
1488, 81
1501, 81
1502, 81
1498, 81
1503, 81
1503, 81
1520, 81
1525, 82
1560, 82
1591, 82
1643, 82
1703, 82
1791, 82
1912, 82
2096, 82
2310, 82
2531, 82
2782, 82
3021, 82
3274, 82
3491, 82
3632, 82
3675, 82
3591, 82
3404, 82
3216, 82
3034, 82
2845, 82
2675, 82
2513, 82
2366, 82
2205, 82
2039, 82
1893, 82
1745, 82
1617, 82
1507, 82
1450, 82
1409, 82
1424, 82
1451, 82
1503, 82
1564, 82
1639, 82
1700, 82
1748, 82
1781, 82
1798, 82
1806, 82
1792, 82
1763, 82
1727, 82
1675, 82
1633, 82
1591, 82
1546, 82
1506, 82
1459, 82
1434, 82
1402, 82
1392, 82
1378, 82
1389, 82
1383, 82
1413, 82
1431, 82
1450, 82
1472, 82
1495, 82
1506, 82
1523, 82
1554, 82
1562, 82
1586, 82
1641, 82
1744, 82
1903, 82
2117, 82
2357, 82
2621, 82
2866, 82
3094, 82
3285, 82
3399, 82
3415, 82
3376, 82
3291, 82
3191, 82
3056, 82
2935, 82
2819, 82
2693, 82
2593, 82
2482, 82
2361, 82
2222, 82
2064, 82
1899, 82
1751, 82
1617, 82
1503, 82
1431, 82
1388, 82
1360, 82
1360, 82
1387, 82
1430, 82
1488, 83
1558, 83
1599, 83
1641, 83
1675, 83
1703, 83
1712, 83
1707, 83
1689, 83
1668, 83
1627, 83
1609, 83
1578, 83
1535, 83
1493, 83
1456, 83
1424, 83
1392, 83
1379, 83
1353, 83
1346, 83
1358, 83
1354, 83
1360, 83
1372, 83
1383, 83
1410, 83
1466, 83
1593, 83
1787, 83
2017, 83
2291, 83
2596, 83
2896, 83
3215, 83
3509, 83
3760, 83
3862, 83
3786, 83
3627, 83
3408, 83
3184, 83
2957, 83
2774, 83
2597, 83
2422, 83
2256, 83
2096, 83
1933, 83
1796, 83
1675, 83
1584, 83
1515, 83
1475, 83
1467, 83
1472, 83
1486, 83
1513, 83
1542, 83
1580, 83
1600, 83
1632, 83
1648, 83
1639, 83
1616, 83
1600, 83
1578, 83
1549, 83
1520, 83
1503, 83
1473, 83
1453, 83
1453, 83
1437, 83
1425, 83
1425, 83
1412, 83
1408, 83
1391, 83
1383, 83
1385, 83
1381, 83
1372, 83
1342, 83
1344, 83
1342, 83
1359, 83
1402, 83
1507, 83
1683, 83
1918, 83
2183, 83
2482, 83
2797, 83
3125, 83
3482, 83
3843, 83
4005, 83
3990, 83
3991, 83
3993, 84
3879, 84
3606, 84
3307, 84
3042, 84
2832, 84
2606, 84
2381, 84
2167, 84
1950, 84
1760, 84
1589, 84
1456, 84
1375, 84
1347, 84
1331, 84
1374, 84
1420, 84
1497, 84
1570, 84
1650, 84
1723, 84
1771, 84
1805, 84
1832, 84
1839, 84
1815, 84
1779, 84
1738, 84
1680, 84
1627, 84
1569, 84
1497, 84
1448, 84
1392, 84
1345, 84
1298, 84
1274, 84
1242, 84
1233, 84
1239, 84
1238, 84
1244, 84
1264, 84
1276, 84
1321, 84
1377, 84
1455, 84
1605, 84
1830, 84
2101, 84
2448, 84
2825, 84
3273, 84
3898, 84
4006, 84
4001, 84
4003, 84
3999, 84
3998, 84
3989, 84
3991, 84
3999, 84
3995, 84
3995, 84
3527, 84
3112, 84
2761, 84
2451, 84
2142, 84
1892, 84
1679, 84
1511, 84
1392, 84
1318, 84
1282, 84
1265, 84
1287, 84
1328, 84
1360, 84
1413, 84
1426, 84
1436, 84
1424, 84
1405, 84
1366, 84
1358, 84
1319, 84
1306, 84
1290, 84
1264, 84
1247, 84
1223, 84
1200, 84
1185, 84
1162, 84
1152, 84
1155, 84
1143, 84
1168, 84
1178, 85
1200, 85
1224, 85
1266, 85
1301, 85
1339, 85
1424, 85
1527, 85
1695, 85
1917, 85
2187, 85
2506, 85
2835, 85
3166, 85
3552, 85
3876, 85
3997, 85
3993, 85
3939, 85
3706, 85
3427, 85
3163, 85
2916, 85
2695, 85
2465, 85
2254, 85
2032, 85
1812, 85
1612, 85
1442, 85
1312, 85
1225, 85
1169, 85
1145, 85
1157, 85
1178, 85
1230, 85
1285, 85
1342, 85
1373, 85
1399, 85
1427, 85
1462, 85
1471, 85
1459, 85
1451, 85
1442, 85
1437, 85
1420, 85
1389, 85
1362, 85
1346, 85
1351, 85
1335, 85
1345, 85
1350, 85
1340, 85
1347, 85
1341, 85
1344, 85
1341, 85
1344, 85
1362, 85
1387, 85
1423, 85
1475, 85
1575, 85
1731, 85
1931, 85
2155, 85
2398, 85
2647, 85
2834, 85
2976, 85
3017, 85
2989, 85
2880, 85
2751, 85
2587, 85
2414, 85
2239, 85
2080, 85
1905, 85
1755, 85
1606, 85
1456, 85
1328, 85
1214, 85
1138, 85
1074, 85
1073, 85
1075, 85
1107, 85
1166, 85
1227, 85
1278, 85
1324, 85
1363, 85
1390, 85
1395, 85
1415, 86
1407, 86
1411, 86
1415, 86
1411, 86
1418, 86
1408, 86
1410, 86
1426, 86
1413, 86
1411, 86
1414, 86
1407, 86
1406, 86
1394, 86
1403, 86
1409, 86
1397, 86
1393, 86
1383, 86
1383, 86
1381, 86
1391, 86
1435, 86
1514, 86
1654, 86
1831, 86
2064, 86
2299, 86
2557, 86
2798, 86
3013, 86
3153, 86
3232, 86
3206, 86
3120, 86
2991, 86
2831, 86
2663, 86
2487, 86
2306, 86
2112, 86
1925, 86
1746, 86
1575, 86
1431, 86
1316, 86
1246, 86
1203, 86
1207, 86
1232, 86
1258, 86
1317, 86
1359, 86
1398, 86
1446, 86
1488, 86
1520, 86
1535, 86
1557, 86
1559, 86
1563, 86
1571, 86
1582, 86
1571, 86
1579, 86
1549, 86
1525, 86
1518, 86
1499, 86
1483, 86
1463, 86
1447, 86
1446, 86
1456, 86
1474, 86
1502, 86
1557, 86
1627, 86
1741, 86
1899, 86
2114, 86
2383, 86
2714, 86
3071, 86
3523, 86
4003, 86
3988, 86
3997, 86
4004, 86
3993, 86
3994, 86
4007, 86
3580, 86
3224, 86
2937, 86
2687, 86
2425, 86
2170, 86
1936, 86
1724, 87
1531, 87
1392, 87
1293, 87
1248, 87
1257, 87
1295, 87
1344, 87
1406, 87
1475, 87
1552, 87
1607, 87
1662, 87
1683, 87
1695, 87
1703, 87
1683, 87
1654, 87
1613, 87
1581, 87
1549, 87
1514, 87
1477, 87
1440, 87
1408, 87
1383, 87
1344, 87
1322, 87
1313, 87
1302, 87
1307, 87
1328, 87
1362, 87
1431, 87
1552, 87
1729, 87
1983, 87
2311, 87
2674, 87
3059, 87
3563, 87
3991, 87
4000, 87
4000, 87
4001, 87
3986, 87
3993, 87
3997, 87
4007, 87
3565, 87
3220, 87
2934, 87
2679, 87
2435, 87
2192, 87
1936, 87
1712, 87
1519, 87
1357, 87
1233, 87
1178, 87
1157, 87
1167, 87
1205, 87
1257, 87
1311, 87
1365, 87
1426, 87
1476, 87
1510, 87
1522, 87
1535, 87
1527, 87
1515, 87
1493, 87
1458, 87
1430, 87
1412, 87
1373, 87
1354, 87
1328, 87
1317, 87
1307, 87
1293, 87
1295, 87
1303, 87
1318, 87
1339, 87
1370, 87
1443, 87
1569, 87
1749, 87
1988, 87
2287, 87
2621, 87
2961, 87
3367, 87
3764, 87
3994, 87
3995, 87
4002, 88
3862, 88
3583, 88
3269, 88
2992, 88
2742, 88
2509, 88
2288, 88
2086, 88
1872, 88
1685, 88
1520, 88
1380, 88
1279, 88
1231, 88
1215, 88
1229, 88
1270, 88
1328, 88
1392, 88
1459, 88
1520, 88
1585, 88
1647, 88
1681, 88
1726, 88
1742, 88
1759, 88
1777, 88
1767, 88
1766, 88
1745, 88
1717, 88
1693, 88
1677, 88
1639, 88
1601, 88
1568, 88
1520, 88
1494, 88
1465, 88
1439, 88
1418, 88
1424, 88
1447, 88
1532, 88
1706, 88
1959, 88
2299, 88
2672, 88
3090, 88
3593, 88
4005, 88
3990, 88
4002, 88
4001, 88
4001, 88
3995, 88
3987, 88
3827, 88
3471, 88
3154, 88
2895, 88
2640, 88
2382, 88
2112, 88
1839, 88
1596, 88
1366, 88
1194, 88
1079, 88
995, 88
950, 88
953, 88
969, 88
1008, 88
1063, 88
1122, 88
1169, 88
1245, 88
1291, 88
1334, 88
1374, 88
1402, 88
1399, 88
1395, 88
1394, 88
1379, 88
1366, 88
1349, 88
1313, 88
1287, 88
1264, 88
1247, 88
1229, 88
1203, 88
1197, 88
1195, 88
1194, 88
1239, 88
1333, 89
1472, 89
1714, 89
2009, 89
2369, 89
2762, 89
3151, 89
3607, 89
3994, 89
3999, 89
3986, 89
4017, 89
3999, 89
3739, 89
3438, 89
3149, 89
2925, 89
2734, 89
2544, 89
2366, 89
2191, 89
2012, 89
1875, 89
1776, 89
1711, 89
1684, 89
1712, 89
1765, 89
1826, 89
1889, 89
1961, 89
2000, 89
2031, 89
2017, 89
1995, 89
1933, 89
1872, 89
1803, 89
1707, 89
1619, 89
1527, 89
1457, 89
1402, 89
1348, 89
1310, 89
1287, 89
1285, 89
1283, 89
1293, 89
1294, 89
1296, 89
1321, 89
1334, 89
1387, 89
1437, 89
1524, 89
1681, 89
1922, 89
2256, 89
2688, 89
3210, 89
4004, 89
3990, 89
4003, 89
3998, 89
3991, 89
4006, 89
4016, 89
3990, 89
3993, 89
3999, 89
4002, 89
4003, 89
4005, 89
3998, 89
3999, 89
4003, 89
4001, 89
3664, 89
3021, 89
2573, 89
2183, 89
1835, 89
1522, 89
1296, 89
1114, 89
981, 89
914, 89
865, 89
848, 89
863, 89
882, 89
921, 89
945, 89
995, 89
1047, 89
1088, 89
1126, 89
1159, 89
1181, 89
1215, 90
1219, 90
1239, 90
1233, 90
1246, 90
1239, 90
1217, 90
1200, 90
1183, 90
1166, 90
1142, 90
1185, 90
1267, 90
1456, 90
1753, 90
2127, 90
2589, 90
3088, 90
3770, 90
3995, 90
4004, 90
3999, 90
3994, 90
3993, 90
4001, 90
4006, 90
4005, 90
4007, 90
4006, 90
3999, 90
3754, 90
3211, 90
2762, 90
2362, 90
1952, 90
1584, 90
1267, 90
989, 90
807, 90
685, 90
624, 90
614, 90
631, 90
688, 90
758, 90
848, 90
944, 90
1029, 90
1113, 90
1186, 90
1235, 90
1277, 90
1296, 90
1313, 90
1319, 90
1307, 90
1280, 90
1243, 90
1194, 90
1161, 90
1130, 90
1090, 90
1070, 90
1046, 90
1021, 90
1009, 90
996, 90
1014, 90
1038, 90
1064, 90
1139, 90
1285, 90
1520, 90
1854, 90
2240, 90
2678, 90
3184, 90
3845, 90
3993, 90
3990, 90
4009, 90
3979, 90
3986, 90
3965, 90
4002, 90
3997, 90
3969, 90
3439, 90
3059, 90
2735, 90
2399, 90
2064, 90
1747, 90
1467, 90
1211, 90
1038, 90
910, 90
848, 90
831, 90
854, 90
897, 91
960, 91
1043, 91
1120, 91
1181, 91
1245, 91
1269, 91
1296, 91
1306, 91
1303, 91
1285, 91
1285, 91
1267, 91
1255, 91
1231, 91
1201, 91
1181, 91
1168, 91
1150, 91
1140, 91
1135, 91
1144, 91
1135, 91
1137, 91
1139, 91
1147, 91
1139, 91
1151, 91
1169, 91
1196, 91
1292, 91
1440, 91
1696, 91
2015, 91
2423, 91
2870, 91
3398, 91
4001, 91
4011, 91
3997, 91
4006, 91
4003, 91
4001, 91
3991, 91
3988, 91
4001, 91
3994, 91
3696, 91
3245, 91
2851, 91
2483, 91
2133, 91
1803, 91
1497, 91
1258, 91
1072, 91
935, 91
880, 91
873, 91
896, 91
957, 91
1035, 91
1118, 91
1203, 91
1274, 91
1351, 91
1409, 91
1453, 91
1488, 91
1522, 91
1533, 91
1527, 91
1493, 91
1463, 91
1421, 91
1373, 91
1334, 91
1296, 91
1249, 91
1218, 91
1190, 91
1158, 91
1129, 91
1119, 91
1104, 91
1125, 91
1166, 91
1264, 91
1455, 91
1730, 91
2081, 91
2464, 91
2864, 91
3307, 91
3792, 91
4000, 91
3997, 91
3996, 91
4017, 91
3729, 91
3372, 92
3030, 92
2755, 92
2468, 92
2192, 92
1913, 92
1638, 92
1391, 92
1169, 92
987, 92
874, 92
823, 92
814, 92
842, 92
915, 92
997, 92
1086, 92
1178, 92
1243, 92
1298, 92
1347, 92
1371, 92
1378, 92
1386, 92
1369, 92
1341, 92
1328, 92
1290, 92
1265, 92
1245, 92
1217, 92
1207, 92
1200, 92
1210, 92
1201, 92
1214, 92
1224, 92
1231, 92
1232, 92
1237, 92
1258, 92
1269, 92
1297, 92
1378, 92
1492, 92
1715, 92
1983, 92
2314, 92
2673, 92
3031, 92
3437, 92
3824, 92
3999, 92
3999, 92
3990, 92
3677, 92
3340, 92
3053, 92
2800, 92
2549, 92
2297, 92
2034, 92
1794, 92
1558, 92
1319, 92
1152, 92
1003, 92
908, 92
853, 92
853, 92
894, 92
953, 92
1021, 92
1089, 92
1155, 92
1216, 92
1265, 92
1311, 92
1333, 92
1360, 92
1359, 92
1363, 92
1359, 92
1341, 92
1329, 92
1326, 92
1305, 92
1299, 92
1297, 92
1304, 92
1315, 92
1342, 92
1371, 92
1401, 92
1471, 92
1534, 92
1613, 92
1706, 92
1808, 92
1918, 92
2077, 93
2265, 93
2517, 93
2867, 93
3286, 93
3957, 93
4003, 93
4004, 93
3998, 93
3997, 93
3997, 93
3993, 93
3999, 93
3999, 93
4005, 93
4001, 93
4000, 93
3995, 93
4003, 93
3728, 93
3138, 93
2733, 93
2367, 93
2043, 93
1764, 93
1533, 93
1355, 93
1233, 93
1168, 93
1142, 93
1167, 93
1195, 93
1243, 93
1268, 93
1312, 93
1339, 93
1343, 93
1339, 93
1337, 93
1328, 93
1315, 93
1299, 93
1296, 93
1293, 93
1295, 93
1291, 93
1298, 93
1296, 93
1306, 93
1298, 93
1289, 93
1280, 93
1268, 93
1265, 93
1266, 93
1292, 93
1379, 93
1551, 93
1816, 93
2158, 93
2546, 93
2995, 93
3533, 93
3997, 93
4003, 93
4005, 93
3999, 93
4011, 93
3993, 93
4016, 93
4006, 93
4010, 93
3657, 93
3314, 93
3001, 93
2720, 93
2427, 93
2129, 93
1828, 93
1552, 93
1296, 93
1093, 93
919, 93
833, 93
792, 93
784, 93
826, 93
876, 93
929, 93
977, 93
1011, 93
1043, 93
1062, 93
1059, 93
1053, 93
1043, 93
1009, 93
975, 93
934, 93
886, 93
866, 94
846, 94
848, 94
843, 94
848, 94
863, 94
858, 94
855, 94
865, 94
901, 94
934, 94
981, 94
1063, 94
1189, 94
1371, 94
1622, 94
1904, 94
2237, 94
2557, 94
2866, 94
3136, 94
3360, 94
3446, 94
3406, 94
3237, 94
3024, 94
2801, 94
2576, 94
2333, 94
2099, 94
1875, 94
1656, 94
1460, 94
1270, 94
1136, 94
1018, 94
963, 94
944, 94
985, 94
1041, 94
1137, 94
1247, 94
1367, 94
1469, 94
1582, 94
1655, 94
1691, 94
1713, 94
1711, 94
1691, 94
1653, 94
1598, 94
1535, 94
1472, 94
1413, 94
1360, 94
1311, 94
1261, 94
1234, 94
1221, 94
1214, 94
1215, 94
1229, 94
1230, 94
1251, 94
1275, 94
1321, 94
1405, 94
1563, 94
1755, 94
2007, 94
2279, 94
2579, 94
2850, 94
3069, 94
3229, 94
3300, 94
3265, 94
3125, 94
2939, 94
2727, 94
2501, 94
2277, 94
2053, 94
1819, 94
1594, 94
1370, 94
1198, 94
1072, 94
979, 94
945, 94
946, 94
985, 94
1049, 94
1125, 94
1198, 94
1271, 94
1351, 94
1408, 94
1447, 94
1473, 95
1482, 95
1478, 95
1465, 95
1451, 95
1413, 95
1395, 95
1389, 95
1357, 95
1355, 95
1342, 95
1333, 95
1345, 95
1340, 95
1335, 95
1360, 95
1369, 95
1381, 95
1418, 95
1478, 95
1616, 95
1810, 95
2082, 95
2402, 95
2757, 95
3127, 95
3599, 95
4004, 95
3991, 95
4000, 95
3991, 95
3995, 95
3984, 95
3527, 95
3207, 95
2909, 95
2641, 95
2384, 95
2138, 95
1897, 95
1670, 95
1470, 95
1305, 95
1174, 95
1094, 95
1040, 95
1067, 95
1080, 95
1135, 95
1213, 95
1280, 95
1344, 95
1399, 95
1444, 95
1459, 95
1472, 95
1478, 95
1462, 95
1456, 95
1427, 95
1401, 95
1360, 95
1329, 95
1294, 95
1255, 95
1227, 95
1203, 95
1190, 95
1191, 95
1185, 95
1183, 95
1183, 95
1195, 95
1250, 95
1334, 95
1511, 95
1740, 95
2033, 95
2367, 95
2705, 95
3041, 95
3389, 95
3698, 95
3888, 95
3894, 95
3751, 95
3506, 95
3241, 95
2960, 95
2726, 95
2483, 95
2268, 95
2058, 95
1840, 95
1628, 95
1435, 95
1263, 95
1139, 95
1059, 95
1003, 95
977, 96
1005, 96
1047, 96
1114, 96
1154, 96
1225, 96
1273, 96
1305, 96
1340, 96
1367, 96
1382, 96
1392, 96
1381, 96
1361, 96
1347, 96
1331, 96
1314, 96
1305, 96
1286, 96
1264, 96
1258, 96
1259, 96
1234, 96
1226, 96
1228, 96
1211, 96
1216, 96
1232, 96
1269, 96
1321, 96
1456, 96
1641, 96
1892, 96
2186, 96
2486, 96
2784, 96
3038, 96
3307, 96
3455, 96
3505, 96
3447, 96
3283, 96
3095, 96
2879, 96
2677, 96
2474, 96
2294, 96
2117, 96
1939, 96
1765, 96
1610, 96
1471, 96
1359, 96
1279, 96
1232, 96
1221, 96
1275, 96
1328, 96
1406, 96
1500, 96
1596, 96
1670, 96
1729, 96
1778, 96
1822, 96
1843, 96
1847, 96
1850, 96
1822, 96
1774, 96
1739, 96
1718, 96
1676, 96
1625, 96
1579, 96
1551, 96
1500, 96
1478, 96
1450, 96
1424, 96
1409, 96
1392, 96
1394, 96
1442, 96
1557, 96
1729, 96
1990, 96
2327, 96
2709, 96
3155, 96
3693, 96
4004, 96
3985, 96
3995, 96
4007, 96
3991, 96
3994, 96
3991, 96
3797, 96
3350, 96
3002, 97
2710, 97
2439, 97
2179, 97
1899, 97
1648, 97
1419, 97
1255, 97
1116, 97
1041, 97
997, 97
1008, 97
1043, 97
1089, 97
1160, 97
1214, 97
1280, 97
1335, 97
1367, 97
1395, 97
1405, 97
1401, 97
1401, 97
1383, 97
1353, 97
1335, 97
1301, 97
1277, 97
1279, 97
1285, 97
1280, 97
1302, 97
1307, 97
1329, 97
1359, 97
1370, 97
1401, 97
1484, 97
1614, 97
1811, 97
2069, 97
2357, 97
2685, 97
3008, 97
3344, 97
3653, 97
3829, 97
3824, 97
3620, 97
3344, 97
3063, 97
2805, 97
2544, 97
2303, 97
2064, 97
1851, 97
1648, 97
1442, 97
1277, 97
1115, 97
987, 97
912, 97
880, 97
880, 97
924, 97
981, 97
1065, 97
1147, 97
1223, 97
1301, 97
1378, 97
1421, 97
1458, 97
1478, 97
1482, 97
1468, 97
1456, 97
1427, 97
1416, 97
1392, 97
1364, 97
1328, 97
1311, 97
1291, 97
1274, 97
1274, 97
1273, 97
1265, 97
1259, 97
1257, 97
1260, 97
1297, 97
1355, 97
1475, 97
1667, 97
1893, 97
2174, 97
2458, 97
2754, 97
3009, 97
3221, 98
3350, 98
3363, 98
3279, 98
3111, 98
2924, 98
2713, 98
2499, 98
2293, 98
2086, 98
1881, 98
1687, 98
1494, 98
1338, 98
1207, 98
1115, 98
1063, 98
1045, 98
1051, 98
1109, 98
1166, 98
1236, 98
1301, 98
1360, 98
1419, 98
1477, 98
1488, 98
1495, 98
1510, 98
1488, 98
1475, 98
1462, 98
1442, 98
1423, 98
1396, 98
1377, 98
1376, 98
1350, 98
1344, 98
1345, 98
1331, 98
1327, 98
1319, 98
1295, 98
1308, 98
1309, 98
1328, 98
1377, 98
1479, 98
1648, 98
1891, 98
2141, 98
2403, 98
2649, 98
2869, 98
3031, 98
3126, 98
3123, 98
3018, 98
2885, 98
2702, 98
2503, 98
2336, 98
2166, 98
1986, 98
1840, 98
1693, 98
1581, 98
1488, 98
1443, 98
1465, 98
1519, 98
1614, 98
1693, 98
1790, 98
1861, 98
1939, 98
1977, 98
2005, 98
2005, 98
1973, 98
1927, 98
1857, 98
1791, 98
1723, 98
1641, 98
1558, 98
1499, 98
1453, 98
1406, 98
1367, 98
1353, 98
1344, 98
1341, 98
1350, 98
1343, 98
1348, 98
1349, 98
1350, 98
1365, 98
1396, 99
1463, 99
1600, 99
1786, 99
2030, 99
2318, 99
2614, 99
2913, 99
3187, 99
3398, 99
3510, 99
3477, 99
3319, 99
3130, 99
2907, 99
2672, 99
2433, 99
2197, 99
1975, 99
1765, 99
1580, 99
1416, 99
1266, 99
1168, 99
1104, 99
1089, 99
1095, 99
1152, 99
1211, 99
1281, 99
1359, 99
1425, 99
1488, 99
1530, 99
1555, 99
1580, 99
1582, 99
1553, 99
1535, 99
1515, 99
1471, 99
1443, 99
1409, 99
1383, 99
1366, 99
1358, 99
1344, 99
1334, 99
1335, 99
1342, 99
1359, 99
1364, 99
1365, 99
1392, 99
1437, 99
1511, 99
1643, 99
1820, 99
2058, 99
2309, 99
2591, 99
2859, 99
3094, 99
3299, 99
3407, 99
3415, 99
3307, 99
3136, 99
2933, 99
2726, 99
2519, 99
2318, 99
2107, 99
1919, 99
1718, 99
1544, 99
1392, 99
1264, 99
1169, 99
1125, 99
1107, 99
1122, 99
1175, 99
1235, 99
1309, 99
1390, 99
1461, 99
1520, 99
1556, 99
1573, 99
1581, 99
1561, 99
1528, 99
1510, 99
1486, 99
1453, 99
1439, 99
1422, 99
1390, 99
1358, 99
1344, 100
1342, 100
1346, 100
1331, 100
1328, 100
1341, 100
1339, 100
1341, 100
1361, 100
1391, 100
1456, 100
1567, 100
1740, 100
1974, 100
2254, 100
2526, 100
2815, 100
3083, 100
3298, 100
3455, 100
3483, 100
3404, 100
3233, 100
3028, 100
2827, 100
2635, 100
2427, 100
2228, 100
2036, 100
1840, 100
1674, 100
1521, 100
1406, 100
1328, 100
1289, 100
1283, 100
1310, 100
1351, 100
1421, 100
1476, 100
1547, 100
1591, 100
1638, 100
1651, 100
1664, 100
1663, 100
1679, 100
1665, 100
1643, 100
1614, 100
1585, 100
1535, 100
1498, 100
1475, 100
1450, 100
1426, 100
1423, 100
1422, 100
1424, 100
1431, 100
1456, 100
1455, 100
1478, 100
1531, 100
1622, 100
1767, 100
1973, 100
2245, 100
2549, 100
2875, 100
3216, 100
3610, 100
3922, 100
3987, 100
3996, 100
3816, 100
3495, 100
3205, 100
2946, 100
2702, 100
2468, 100
2253, 100
2009, 100
1809, 100
1616, 100
1447, 100
1325, 100
1232, 100
1185, 100
1184, 100
1211, 100
1261, 100
1319, 100
1381, 100
1439, 100
1497, 100
1535, 100
1570, 100
1583, 100
1587, 100
1585, 101
1568, 101
1552, 101
1520, 101
1495, 101
1488, 101
1472, 101
1456, 101
1443, 101
1437, 101
1417, 101
1410, 101
1408, 101
1408, 101
1415, 101
1418, 101
1437, 101
1478, 101
1554, 101
1711, 101
1920, 101
2171, 101
2455, 101
2752, 101
3037, 101
3312, 101
3553, 101
3664, 101
3658, 101
3483, 101
3279, 101
3055, 101
2834, 101
2620, 101
2407, 101
2211, 101
2003, 101
1799, 101
1616, 101
1456, 101
1328, 101
1244, 101
1201, 101
1194, 101
1219, 101
1276, 101
1328, 101
1392, 101
1446, 101
1493, 101
1551, 101
1579, 101
1599, 101
1616, 101
1603, 101
1599, 101
1581, 101
1569, 101
1534, 101
1521, 101
1492, 101
1472, 101
1447, 101
1430, 101
1427, 101
1423, 101
1408, 101
1403, 101
1402, 101
1394, 101
1415, 101
1438, 101
1476, 101
1555, 101
1691, 101
1891, 101
2159, 101
2449, 101
2768, 101
3108, 101
3424, 101
3760, 101
3904, 101
3923, 101
3773, 101
3504, 101
3218, 101
2974, 101
2758, 101
2525, 101
2318, 101
2107, 101
1906, 101
1707, 101
1545, 101
1395, 101
1296, 101
1232, 101
1203, 101
1216, 101
1247, 102
1296, 102
1360, 102
1424, 102
1488, 102
1522, 102
1570, 102
1587, 102
1600, 102
1607, 102
1600, 102
1580, 102
1555, 102
1531, 102
1509, 102
1488, 102
1479, 102
1471, 102
1462, 102
1443, 102
1446, 102
1446, 102
1440, 102
1424, 102
1427, 102
1426, 102
1421, 102
1421, 102
1431, 102
1477, 102
1577, 102
1735, 102
1959, 102
2227, 102
2529, 102
2846, 102
3183, 102
3494, 102
3776, 102
3888, 102
3842, 102
3647, 102
3389, 102
3127, 102
2877, 102
2655, 102
2431, 102
2224, 102
2022, 102
1824, 102
1650, 102
1489, 102
1367, 102
1265, 102
1201, 102
1172, 102
1202, 102
1239, 102
1295, 102
1353, 102
1413, 102
1466, 102
1510, 102
1552, 102
1582, 102
1597, 102
1581, 102
1584, 102
1571, 102
1552, 102
1535, 102
1506, 102
1506, 102
1478, 102
1456, 102
1443, 102
1417, 102
1410, 102
1408, 102
1393, 102
1392, 102
1391, 102
1383, 102
1382, 102
1387, 102
1395, 102
1419, 102
1469, 102
1558, 102
1710, 102
1904, 102
2160, 102
2453, 102
2771, 102
3099, 102
3440, 102
3743, 102
3892, 102
3856, 102
3697, 102
3456, 103
3187, 103
2959, 103
2736, 103
2531, 103
2335, 103
2128, 103
1934, 103
1742, 103
1573, 103
1422, 103
1309, 103
1235, 103
1191, 103
1199, 103
1232, 103
1279, 103
1339, 103
1407, 103
1461, 103
1510, 103
1550, 103
1565, 103
1574, 103
1583, 103
1564, 103
1556, 103
1534, 103
1518, 103
1491, 103
1471, 103
1458, 103
1431, 103
1414, 103
1397, 103
1397, 103
1408, 103
1417, 103
1421, 103
1417, 103
1419, 103
1423, 103
1415, 103
1412, 103
1418, 103
1434, 103
1479, 103
1572, 103
1713, 103
1935, 103
2201, 103
2495, 103
2805, 103
3117, 103
3422, 103
3694, 103
3792, 103
3754, 103
3571, 103
3342, 103
3103, 103
2864, 103
2652, 103
2449, 103
2243, 103
2046, 103
1845, 103
1653, 103
1487, 103
1347, 103
1245, 103
1195, 103
1168, 103
1172, 103
1203, 103
1257, 103
1307, 103
1362, 103
1434, 103
1488, 103
1550, 103
1564, 103
1584, 103
1591, 103
1579, 103
1556, 103
1543, 103
1522, 103
1510, 103
1482, 103
1469, 103
1444, 103
1434, 103
1418, 103
1419, 103
1399, 103
1380, 103
1377, 103
1374, 103
1377, 103
1374, 104
1384, 104
1383, 104
1392, 104
1403, 104
1456, 104
1557, 104
1719, 104
1955, 104
2239, 104
2556, 104
2880, 104
3209, 104
3549, 104
3803, 104
3895, 104
3824, 104
3636, 104
3349, 104
3083, 104
2851, 104
2624, 104
2415, 104
2223, 104
2033, 104
1840, 104
1669, 104
1497, 104
1364, 104
1274, 104
1227, 104
1205, 104
1226, 104
1253, 104
1323, 104
1393, 104
1451, 104
1501, 104
1570, 104
1599, 104
1616, 104
1613, 104
1600, 104
1593, 104
1565, 104
1549, 104
1519, 104
1482, 104
1453, 104
1438, 104
1429, 104
1425, 104
1422, 104
1424, 104
1418, 104
1425, 104
1423, 104
1413, 104
1408, 104
1399, 104
1405, 104
1395, 104
1415, 104
1423, 104
1455, 104
1511, 104
1643, 104
1840, 104
2096, 104
2384, 104
2719, 104
3037, 104
3362, 104
3697, 104
3910, 104
3933, 104
3776, 104
3526, 104
3262, 104
2997, 104
2772, 104
2555, 104
2355, 104
2177, 104
1994, 104
1815, 104
1644, 104
1488, 104
1373, 104
1294, 104
1229, 104
1205, 104
1211, 104
1238, 104
1289, 104
1328, 104
1392, 104
1444, 104
1489, 104
1530, 104
1552, 105
1554, 105
1557, 105
1529, 105
1517, 105
1494, 105
1473, 105
1461, 105
1448, 105
1421, 105
1428, 105
1425, 105
1413, 105
1404, 105
1404, 105
1408, 105
1395, 105
1402, 105
1396, 105
1390, 105
1387, 105
1392, 105
1389, 105
1394, 105
1412, 105
1455, 105
1561, 105
1733, 105
1953, 105
2237, 105
2537, 105
2837, 105
3133, 105
3395, 105
3571, 105
3648, 105
3540, 105
3359, 105
3139, 105
2937, 105
2725, 105
2538, 105
2338, 105
2159, 105
1991, 105
1840, 105
1680, 105
1533, 105
1405, 105
1296, 105
1237, 105
1215, 105
1218, 105
1251, 105
1290, 105
1355, 105
1417, 105
1470, 105
1514, 105
1559, 105
1583, 105
1587, 105
1590, 105
1573, 105
1561, 105
1547, 105
1520, 105
1499, 105
1466, 105
1445, 105
1436, 105
1405, 105
1408, 105
1394, 105
1391, 105
1378, 105
1391, 105
1387, 105
1375, 105
1375, 105
1377, 105
1382, 105
1403, 105
1424, 105
1477, 105
1572, 105
1727, 105
1943, 105
2207, 105
2484, 105
2758, 105
2993, 105
3217, 105
3371, 105
3395, 105
3331, 105
3166, 105
2978, 105
2789, 105
2590, 105
2389, 106
2210, 106
2021, 106
1858, 106
1696, 106
1546, 106
1411, 106
1313, 106
1247, 106
1216, 106
1216, 106
1242, 106
1307, 106
1365, 106
1445, 106
1509, 106
1570, 106
1617, 106
1647, 106
1661, 106
1675, 106
1674, 106
1653, 106
1645, 106
1633, 106
1621, 106
1615, 106
1586, 106
1577, 106
1571, 106
1553, 106
1535, 106
1522, 106
1509, 106
1479, 106
1475, 106
1463, 106
1449, 106
1456, 106
1457, 106
1502, 106
1593, 106
1739, 106
1941, 106
2215, 106
2522, 106
2848, 106
3169, 106
3479, 106
3753, 106
3875, 106
3837, 106
3646, 106
3419, 106
3170, 106
2925, 106
2718, 106
2495, 106
2295, 106
2096, 106
1904, 106
1728, 106
1565, 106
1422, 106
1299, 106
1238, 106
1200, 106
1211, 106
1239, 106
1297, 106
1360, 106
1421, 106
1483, 106
1533, 106
1588, 106
1616, 106
1633, 106
1633, 106
1618, 106
1606, 106
1575, 106
1534, 106
1511, 106
1482, 106
1442, 106
1420, 106
1404, 106
1399, 106
1388, 106
1383, 106
1381, 106
1375, 106
1381, 106
1398, 106
1424, 106
1455, 106
1553, 106
1728, 106
1972, 106
2276, 106
2613, 107
2960, 107
3349, 107
3808, 107
3991, 107
4000, 107
3984, 107
4003, 107
3808, 107
3473, 107
3179, 107
2942, 107
2704, 107
2497, 107
2295, 107
2087, 107
1887, 107
1703, 107
1545, 107
1410, 107
1311, 107
1248, 107
1230, 107
1239, 107
1264, 107
1312, 107
1356, 107
1402, 107
1458, 107
1492, 107
1520, 107
1549, 107
1559, 107
1558, 107
1529, 107
1523, 107
1500, 107
1484, 107
1472, 107
1455, 107
1434, 107
1415, 107
1418, 107
1401, 107
1392, 107
1391, 107
1392, 107
1383, 107
1387, 107
1393, 107
1406, 107
1479, 107
1615, 107
1838, 107
2112, 107
2420, 107
2768, 107
3120, 107
3474, 107
3826, 107
3995, 107
3998, 107
3984, 107
3710, 107
3410, 107
3136, 107
2891, 107
2659, 107
2449, 107
2254, 107
2045, 107
1841, 107
1653, 107
1479, 107
1344, 107
1253, 107
1184, 107
1168, 107
1184, 107
1219, 107
1265, 107
1337, 107
1377, 107
1431, 107
1477, 107
1525, 107
1559, 107
1567, 107
1558, 107
1552, 107
1529, 107
1514, 107
1479, 107
1456, 107
1431, 107
1409, 107
1382, 107
1372, 107
1360, 107
1361, 107
1360, 108
1360, 108
1360, 108
1358, 108
1360, 108
1377, 108
1405, 108
1472, 108
1594, 108
1806, 108
2069, 108
2378, 108
2698, 108
2995, 108
3285, 108
3506, 108
3623, 108
3570, 108
3405, 108
3193, 108
2975, 108
2766, 108
2549, 108
2337, 108
2128, 108
1926, 108
1735, 108
1552, 108
1397, 108
1290, 108
1207, 108
1167, 108
1157, 108
1169, 108
1233, 108
1296, 108
1366, 108
1425, 108
1479, 108
1518, 108
1557, 108
1574, 108
1584, 108
1577, 108
1569, 108
1552, 108
1511, 108
1483, 108
1458, 108
1434, 108
1417, 108
1403, 108
1390, 108
1381, 108
1382, 108
1382, 108
1369, 108
1366, 108
1373, 108
1377, 108
1370, 108
1389, 108
1420, 108
1467, 108
1583, 108
1734, 108
1973, 108
2251, 108
2535, 108
2811, 108
3078, 108
3286, 108
3431, 108
3440, 108
3330, 108
3169, 108
2959, 108
2759, 108
2548, 108
2352, 108
2156, 108
1966, 108
1788, 108
1620, 108
1486, 108
1375, 108
1312, 108
1277, 108
1279, 108
1338, 108
1399, 108
1472, 108
1552, 108
1642, 108
1699, 108
1734, 108
1751, 108
1755, 108
1734, 108
1713, 108
1681, 109
1651, 109
1619, 109
1588, 109
1562, 109
1531, 109
1510, 109
1483, 109
1475, 109
1461, 109
1463, 109
1452, 109
1455, 109
1447, 109
1441, 109
1453, 109
1461, 109
1454, 109
1484, 109
1534, 109
1663, 109
1840, 109
2074, 109
2351, 109
2635, 109
2887, 109
3126, 109
3315, 109
3385, 109
3373, 109
3228, 109
3045, 109
2842, 109
2623, 109
2399, 109
2194, 109
1991, 109
1787, 109
1600, 109
1449, 109
1328, 109
1250, 109
1218, 109
1207, 109
1235, 109
1284, 109
1360, 109
1424, 109
1499, 109
1562, 109
1616, 109
1650, 109
1673, 109
1678, 109
1664, 109
1651, 109
1621, 109
1586, 109
1559, 109
1545, 109
1531, 109
1518, 109
1514, 109
1520, 109
1519, 109
1515, 109
1519, 109
1511, 109
1503, 109
1499, 109
1486, 109
1488, 109
1502, 109
1530, 109
1600, 109
1735, 109
1918, 109
2149, 109
2400, 109
2673, 109
2896, 109
3097, 109
3217, 109
3269, 109
3185, 109
3042, 109
2865, 109
2669, 109
2448, 109
2249, 109
2064, 109
1861, 109
1697, 109
1533, 109
1392, 109
1283, 109
1223, 109
1202, 109
1241, 109
1288, 109
1382, 110
1458, 110
1553, 110
1635, 110
1702, 110
1739, 110
1748, 110
1753, 110
1742, 110
1701, 110
1655, 110
1610, 110
1571, 110
1535, 110
1485, 110
1452, 110
1424, 110
1390, 110
1361, 110
1349, 110
1350, 110
1356, 110
1366, 110
1378, 110
1392, 110
1397, 110
1421, 110
1449, 110
1504, 110
1605, 110
1766, 110
1955, 110
2174, 110
2411, 110
2599, 110
2752, 110
2851, 110
2871, 110
2806, 110
2704, 110
2543, 110
2366, 110
2192, 110
2012, 110
1836, 110
1680, 110
1534, 110
1398, 110
1302, 110
1217, 110
1163, 110
1149, 110
1167, 110
1221, 110
1295, 110
1356, 110
1435, 110
1509, 110
1577, 110
1622, 110
1650, 110
1675, 110
1678, 110
1653, 110
1631, 110
1601, 110
1583, 110
1535, 110
1507, 110
1490, 110
1462, 110
1451, 110
1437, 110
1424, 110
1419, 110
1422, 110
1421, 110
1424, 110
1424, 110
1440, 110
1464, 110
1508, 110
1584, 110
1719, 110
1924, 110
2183, 110
2448, 110
2739, 110
3015, 110
3296, 110
3501, 110
3600, 110
3539, 110
3371, 110
3139, 110
2897, 110
2651, 110
2393, 110
2155, 110
1902, 110
1678, 111
1456, 111
1307, 111
1202, 111
1152, 111
1152, 111
1216, 111
1317, 111
1456, 111
1616, 111
1775, 111
1902, 111
2011, 111
2083, 111
2130, 111
2112, 111
2073, 111
1991, 111
1907, 111
1793, 111
1685, 111
1566, 111
1455, 111
1358, 111
1269, 111
1204, 111
1170, 111
1165, 111
1170, 111
1190, 111
1230, 111
1280, 111
1323, 111
1378, 111
1460, 111
1564, 111
1705, 111
1877, 111
2080, 111
2277, 111
2462, 111
2615, 111
2718, 111
2757, 111
2731, 111
2640, 111
2515, 111
2375, 111
2221, 111
2062, 111
1904, 111
1741, 111
1600, 111
1445, 111
1335, 111
1241, 111
1189, 111
1164, 111
1184, 111
1236, 111
1295, 111
1375, 111
1456, 111
1527, 111
1597, 111
1646, 111
1668, 111
1699, 111
1724, 111
1713, 111
1704, 111
1683, 111
1662, 111
1631, 111
1604, 111
1569, 111
1563, 111
1555, 111
1531, 111
1517, 111
1520, 111
1534, 111
1533, 111
1554, 111
1567, 111
1620, 111
1722, 111
1883, 111
2099, 111
2331, 111
2571, 111
2805, 111
3005, 111
3169, 111
3241, 111
3199, 111
3104, 111
2953, 111
2773, 111
2595, 111
2405, 112
2241, 112
2069, 112
1899, 112
1733, 112
1584, 112
1456, 112
1368, 112
1312, 112
1311, 112
1341, 112
1389, 112
1429, 112
1494, 112
1553, 112
1613, 112
1649, 112
1685, 112
1714, 112
1724, 112
1715, 112
1712, 112
1686, 112
1665, 112
1633, 112
1599, 112
1566, 112
1547, 112
1520, 112
1485, 112
1486, 112
1467, 112
1472, 112
1493, 112
1556, 112
1643, 112
1785, 112
2001, 112
2272, 112
2576, 112
2899, 112
3245, 112
3615, 112
3942, 112
4000, 112
4004, 112
3989, 112
3760, 112
3453, 112
3173, 112
2917, 112
2682, 112
2465, 112
2257, 112
2053, 112
1862, 112
1680, 112
1533, 112
1427, 112
1361, 112
1333, 112
1341, 112
1381, 112
1435, 112
1494, 112
1565, 112
1637, 112
1680, 112
1712, 112
1744, 112
1755, 112
1744, 112
1713, 112
1677, 112
1633, 112
1601, 112
1573, 112
1551, 112
1530, 112
1520, 112
1494, 112
1485, 112
1493, 112
1503, 112
1525, 112
1609, 112
1738, 112
1942, 112
2202, 112
2514, 112
2864, 112
3226, 112
3689, 112
4000, 112
3995, 112
3992, 112
3999, 112
3997, 112
3996, 112
3760, 112
3441, 113
3166, 113
2905, 113
2685, 113
2448, 113
2225, 113
2015, 113
1826, 113
1657, 113
1516, 113
1429, 113
1402, 113
1386, 113
1399, 113
1431, 113
1468, 113
1519, 113
1573, 113
1611, 113
1641, 113
1658, 113
1677, 113
1665, 113
1667, 113
1650, 113
1611, 113
1584, 113
1565, 113
1552, 113
1531, 113
1508, 113
1503, 113
1498, 113
1498, 113
1535, 113
1609, 113
1728, 113
1916, 113
2163, 113
2483, 113
2800, 113
3171, 113
3570, 113
3987, 113
3991, 113
4001, 113
4004, 113
3987, 113
3999, 113
3917, 113
3621, 113
3344, 113
3067, 113
2831, 113
2595, 113
2354, 113
2127, 113
1911, 113
1726, 113
1593, 113
1483, 113
1415, 113
1394, 113
1392, 113
1407, 113
1451, 113
1490, 113
1527, 113
1581, 113
1585, 113
1605, 113
1611, 113
1600, 113
1595, 113
1589, 113
1572, 113
1535, 113
1519, 113
1491, 113
1463, 113
1441, 113
1424, 113
1425, 113
1419, 113
1461, 113
1550, 113
1697, 113
1899, 113
2189, 113
2506, 113
2855, 113
3248, 113
3706, 113
4001, 113
3990, 113
3996, 113
4001, 113
3991, 113
4005, 113
3799, 113
3445, 114
3152, 114
2868, 114
2607, 114
2325, 114
2043, 114
1781, 114
1548, 114
1360, 114
1205, 114
1124, 114
1072, 114
1074, 114
1104, 114
1159, 114
1220, 114
1293, 114
1360, 114
1423, 114
1461, 114
1501, 114
1533, 114
1529, 114
1531, 114
1521, 114
1499, 114
1475, 114
1439, 114
1413, 114
1385, 114
1350, 114
1315, 114
1280, 114
1263, 114
1249, 114
1249, 114
1265, 114
1335, 114
1475, 114
1696, 114
1985, 114
2352, 114
2758, 114
3230, 114
3856, 114
4003, 114
4004, 114
4006, 114
3993, 114
4000, 114
3995, 114
3994, 114
4005, 114
4001, 114
4001, 114
3851, 114
3322, 114
2901, 114
2524, 114
2186, 114
1862, 114
1587, 114
1377, 114
1215, 114
1099, 114
1071, 114
1061, 114
1097, 114
1138, 114
1197, 114
1259, 114
1313, 114
1367, 114
1402, 114
1429, 114
1447, 114
1464, 114
1457, 114
1441, 114
1420, 114
1404, 114
1392, 114
1365, 114
1344, 114
1334, 114
1325, 114
1316, 114
1296, 114
1273, 114
1260, 114
1250, 114
1259, 114
1261, 114
1267, 114
1298, 114
1392, 114
1557, 114
1804, 114
2161, 114
2587, 114
3088, 115
3847, 115
3997, 115
3993, 115
3998, 115
4001, 115
3998, 115
4000, 115
4005, 115
4001, 115
4000, 115
4003, 115
4003, 115
3985, 115
4000, 115
3997, 115
3581, 115
2977, 115
2521, 115
2112, 115
1744, 115
1436, 115
1195, 115
1011, 115
899, 115
833, 115
801, 115
830, 115
869, 115
913, 115
982, 115
1061, 115
1123, 115
1195, 115
1229, 115
1268, 115
1298, 115
1340, 115
1363, 115
1381, 115
1387, 115
1387, 115
1392, 115
1385, 115
1365, 115
1359, 115
1329, 115
1296, 115
1265, 115
1249, 115
1247, 115
1249, 115
1279, 115
1323, 115
1430, 115
1616, 115
1903, 115
2286, 115
2737, 115
3283, 115
3956, 115
4011, 115
3994, 115
4006, 115
4003, 115
3998, 115
3993, 115
4006, 115
4001, 115
3997, 115
4004, 115
3987, 115
4030, 115
4000, 115
4011, 115
4003, 115
4013, 115
3574, 115
2913, 115
2448, 115
2022, 115
1660, 115
1349, 115
1122, 115
944, 115
823, 115
758, 115
736, 115
729, 115
762, 115
791, 115
829, 115
870, 115
921, 115
962, 115
995, 115
1021, 115
1065, 115
1100, 115
1126, 115
1137, 116
1158, 116
1160, 116
1163, 116
1154, 116
1169, 116
1170, 116
1166, 116
1143, 116
1136, 116
1114, 116
1095, 116
1092, 116
1093, 116
1088, 116
1090, 116
1095, 116
1118, 116
1177, 116
1296, 116
1483, 116
1742, 116
2085, 116
2480, 116
2897, 116
3392, 116
3981, 116
4011, 116
3995, 116
4001, 116
4002, 116
4003, 116
3994, 116
4007, 116
4007, 116
3999, 116
3998, 116
3994, 116
3666, 116
3194, 116
2785, 116
2393, 116
2002, 116
1647, 116
1318, 116
1066, 116
849, 116
720, 116
651, 116
635, 116
654, 116
710, 116
783, 116
873, 116
953, 116
1033, 116
1102, 116
1174, 116
1216, 116
1265, 116
1296, 116
1328, 116
1327, 116
1334, 116
1339, 116
1333, 116
1325, 116
1315, 116
1309, 116
1297, 116
1296, 116
1297, 116
1296, 116
1290, 116
1286, 116
1266, 116
1262, 116
1259, 116
1246, 116
1226, 116
1212, 116
1181, 116
1169, 116
1161, 116
1148, 116
1146, 116
1153, 116
1207, 116
1309, 116
1484, 116
1738, 116
2070, 116
2442, 116
2832, 116
3273, 116
3797, 116
4016, 116
3986, 116
3985, 116
4020, 116
3994, 117
4015, 117
3999, 117
3919, 117
3567, 117
3235, 117
2946, 117
2657, 117
2363, 117
2064, 117
1760, 117
1478, 117
1251, 117
1070, 117
933, 117
868, 117
838, 117
849, 117
879, 117
918, 117
979, 117
1044, 117
1095, 117
1152, 117
1197, 117
1236, 117
1264, 117
1277, 117
1287, 117
1284, 117
1294, 117
1303, 117
1319, 117
1328, 117
1360, 117
1391, 117
1437, 117
1493, 117
1559, 117
1637, 117
1712, 117
1760, 117
1803, 117
1821, 117
1825, 117
1791, 117
1738, 117
1685, 117
1618, 117
1557, 117
1487, 117
1424, 117
1364, 117
1332, 117
1294, 117
1280, 117
1265, 117
1282, 117
1308, 117
1360, 117
1458, 117
1621, 117
1873, 117
2224, 117
2636, 117
3139, 117
3878, 117
3985, 117
4000, 117
3995, 117
4004, 117
4014, 117
4002, 117
4003, 117
4002, 117
4001, 117
4000, 117
4006, 117
4010, 117
4010, 117
4004, 117
4013, 117
4001, 117
3625, 117
3022, 117
2590, 117
2199, 117
1875, 117
1602, 117
1395, 117
1232, 117
1115, 117
1054, 117
1033, 117
1013, 117
1021, 117
1043, 117
1072, 117
1082, 117
1106, 117
1121, 118
1130, 118
1135, 118
1133, 118
1136, 118
1136, 118
1122, 118
1130, 118
1138, 118
1133, 118
1138, 118
1154, 118
1168, 118
1189, 118
1200, 118
1203, 118
1217, 118
1207, 118
1216, 118
1223, 118
1232, 118
1245, 118
1280, 118
1329, 118
1439, 118
1611, 118
1867, 118
2175, 118
2534, 118
2915, 118
3372, 118
3920, 118
4011, 118
4001, 118
3990, 118
3984, 118
3993, 118
3998, 118
4001, 118
4005, 118
3831, 118
3487, 118
3174, 118
2885, 118
2587, 118
2269, 118
1953, 118
1662, 118
1393, 118
1169, 118
997, 118
894, 118
845, 118
863, 118
898, 118
974, 118
1053, 118
1136, 118
1211, 118
1296, 118
1359, 118
1409, 118
1431, 118
1443, 118
1446, 118
1439, 118
1422, 118
1393, 118
1362, 118
1342, 118
1315, 118
1296, 118
1271, 118
1261, 118
1239, 118
1225, 118
1232, 118
1232, 118
1232, 118
1232, 118
1219, 118
1205, 118
1207, 118
1204, 118
1205, 118
1211, 118
1213, 118
1232, 118
1248, 118
1298, 118
1389, 118
1562, 118
1810, 118
2138, 118
2499, 118
2914, 118
3377, 118
3950, 118
3995, 118
4003, 118
3991, 119
3999, 119
4000, 119
4003, 119
3735, 119
3376, 119
3090, 119
2841, 119
2603, 119
2344, 119
2089, 119
1823, 119
1573, 119
1341, 119
1143, 119
999, 119
911, 119
862, 119
848, 119
870, 119
921, 119
994, 119
1066, 119
1120, 119
1187, 119
1221, 119
1258, 119
1285, 119
1296, 119
1290, 119
1294, 119
1282, 119
1267, 119
1243, 119
1232, 119
1215, 119
1199, 119
1198, 119
1188, 119
1182, 119
1194, 119
1200, 119
1203, 119
1225, 119
1237, 119
1253, 119
1264, 119
1285, 119
1296, 119
1300, 119
1301, 119
1312, 119
1307, 119
1317, 119
1319, 119
1340, 119
1378, 119
1475, 119
1628, 119
1845, 119
2128, 119
2463, 119
2825, 119
3195, 119
3632, 119
4002, 119
3998, 119
3986, 119
3999, 119
3997, 119
4011, 119
3828, 119
3487, 119
3191, 119
2917, 119
2657, 119
2381, 119
2108, 119
1854, 119
1616, 119
1424, 119
1267, 119
1178, 119
1115, 119
1105, 119
1116, 119
1141, 119
1169, 119
1207, 119
1232, 119
1276, 119
1310, 119
1326, 119
1342, 119
1346, 119
1360, 119
1360, 119
1355, 119
1355, 119
1347, 119
1360, 120
1349, 120
1357, 120
1350, 120
1351, 120
1338, 120
1314, 120
1305, 120
1293, 120
1275, 120
1259, 120
1259, 120
1239, 120
1217, 120
1210, 120
1183, 120
1169, 120
1158, 120
1161, 120
1157, 120
1167, 120
1200, 120
1265, 120
1393, 120
1613, 120
1891, 120
2206, 120
2550, 120
2893, 120
3238, 120
3595, 120
3842, 120
3951, 120
3877, 120
3693, 120
3410, 120
3159, 120
2916, 120
2703, 120
2475, 120
2263, 120
2039, 120
1846, 120
1646, 120
1463, 120
1312, 120
1206, 120
1124, 120
1103, 120
1099, 120
1112, 120
1166, 120
1206, 120
1271, 120
1328, 120
1373, 120
1403, 120
1437, 120
1447, 120
1454, 120
1446, 120
1440, 120
1410, 120
1405, 120
1376, 120
1360, 120
1346, 120
1328, 120
1317, 120
1309, 120
1305, 120
1318, 120
1331, 120
1350, 120
1367, 120
1405, 120
1449, 120
1486, 120
1520, 120
1563, 120
1585, 120
1621, 120
1696, 120
1803, 120
1949, 120
2160, 120
2387, 120
2636, 120
2896, 120
3136, 120
3310, 120
3397, 120
3356, 120
3216, 120
3022, 120
2833, 120
2640, 120
2458, 120
2303, 120
2170, 120
2046, 121
1931, 121
1824, 121
1711, 121
1623, 121
1525, 121
1473, 121
1445, 121
1426, 121
1441, 121
1461, 121
1491, 121
1521, 121
1553, 121
1578, 121
1584, 121
1582, 121
1586, 121
1584, 121
1599, 121
1593, 121
1601, 121
1605, 121
1611, 121
1612, 121
1609, 121
1604, 121
1582, 121
1552, 121
1503, 121
1455, 121
1398, 121
1359, 121
1303, 121
1275, 121
1229, 121
1222, 121
1235, 121
1246, 121
1264, 121
1287, 121
1360, 121
1456, 121
1623, 121
1841, 121
2102, 121
2416, 121
2722, 121
3024, 121
3315, 121
3600, 121
3774, 121
3825, 121
3773, 121
3599, 121
3398, 121
3203, 121
2992, 121
2822, 121
2659, 121
2480, 121
2289, 121
2113, 121
1914, 121
1729, 121
1578, 121
1442, 121
1350, 121
1294, 121
1264, 121
1264, 121
1289, 121
1328, 121
1370, 121
1417, 121
1460, 121
1500, 121
1520, 121
1545, 121
1552, 121
1535, 121
1522, 121
1502, 121
1479, 121
1447, 121
1412, 121
1379, 121
1352, 121
1331, 121
1313, 121
1296, 121
1297, 121
1296, 121
1306, 121
1303, 121
1291, 121
1298, 121
1315, 121
1352, 121
1392, 121
1487, 122
1638, 122
1867, 122
2139, 122
2453, 122
2803, 122
3141, 122
3534, 122
3861, 122
3990, 122
3993, 122
3862, 122
3610, 122
3334, 122
3088, 122
2870, 122
2675, 122
2484, 122
2304, 122
2131, 122
1946, 122
1767, 122
1600, 122
1439, 122
1328, 122
1243, 122
1207, 122
1189, 122
1199, 122
1234, 122
1265, 122
1320, 122
1360, 122
1399, 122
1424, 122
1438, 122
1456, 122
1452, 122
1456, 122
1456, 122
1446, 122
1426, 122
1425, 122
1413, 122
1409, 122
1389, 122
1365, 122
1358, 122
1334, 122
1328, 122
1319, 122
1327, 122
1327, 122
1331, 122
1344, 122
1360, 122
1390, 122
1456, 122
1584, 122
1792, 122
2059, 122
2394, 122
2759, 122
3157, 122
3661, 122
3999, 122
3999, 122
4003, 122
3987, 122
3991, 122
3993, 122
3993, 122
3877, 122
3535, 122
3219, 122
2963, 122
2722, 122
2480, 122
2244, 122
1998, 122
1773, 122
1569, 122
1403, 122
1267, 122
1177, 122
1135, 122
1127, 122
1146, 122
1174, 122
1216, 122
1254, 122
1298, 122
1315, 122
1337, 122
1348, 122
1353, 122
1353, 122
1355, 122
1349, 122
1347, 122
1347, 123
1334, 123
1331, 123
1319, 123
1307, 123
1300, 123
1286, 123
1273, 123
1279, 123
1271, 123
1265, 123
1261, 123
1264, 123
1280, 123
1331, 123
1431, 123
1603, 123
1847, 123
2167, 123
2514, 123
2901, 123
3323, 123
3835, 123
3991, 123
4003, 123
4002, 123
3997, 123
3999, 123
4001, 123
3830, 123
3503, 123
3191, 123
2939, 123
2715, 123
2469, 123
2233, 123
1978, 123
1750, 123
1552, 123
1369, 123
1237, 123
1168, 123
1121, 123
1113, 123
1134, 123
1183, 123
1227, 123
1280, 123
1334, 123
1388, 123
1426, 123
1454, 123
1474, 123
1488, 123
1495, 123
1491, 123
1475, 123
1472, 123
1451, 123
1421, 123
1410, 123
1381, 123
1360, 123
1346, 123
1348, 123
1328, 123
1316, 123
1314, 123
1302, 123
1309, 123
1328, 123
1391, 123
1510, 123
1729, 123
2013, 123
2369, 123
2774, 123
3230, 123
3857, 123
4002, 123
4002, 123
3994, 123
3990, 123
4005, 123
3989, 123
4001, 123
4006, 123
4007, 123
3997, 123
3892, 123
3444, 123
3083, 123
2769, 123
2443, 123
2128, 123
1817, 123
1559, 123
1335, 123
1162, 123
1043, 123
967, 124
918, 124
914, 124
928, 124
959, 124
1017, 124
1074, 124
1123, 124
1177, 124
1232, 124
1270, 124
1290, 124
1301, 124
1319, 124
1301, 124
1303, 124
1292, 124
1283, 124
1281, 124
1279, 124
1263, 124
1254, 124
1243, 124
1246, 124
1241, 124
1237, 124
1232, 124
1259, 124
1307, 124
1395, 124
1577, 124
1808, 124
2125, 124
2493, 124
2896, 124
3335, 124
3887, 124
3991, 124
4005, 124
3993, 124
3991, 124
3988, 124
3982, 124
4003, 124
3999, 124
3700, 124
3370, 124
3096, 124
2836, 124
2576, 124
2302, 124
2023, 124
1751, 124
1507, 124
1303, 124
1158, 124
1044, 124
999, 124
979, 124
990, 124
1037, 124
1089, 124
1159, 124
1216, 124
1258, 124
1295, 124
1327, 124
1335, 124
1341, 124
1340, 124
1329, 124
1315, 124
1298, 124
1285, 124
1263, 124
1261, 124
1250, 124
1232, 124
1214, 124
1215, 124
1205, 124
1197, 124
1183, 124
1177, 124
1167, 124
1186, 124
1205, 124
1239, 124
1323, 124
1459, 124
1693, 124
1988, 124
2357, 124
2747, 124
3183, 124
3712, 124
4010, 124
3996, 124
3999, 124
4011, 124
4005, 125
3991, 125
3988, 125
4014, 125
3991, 125
3608, 125
3262, 125
2989, 125
2708, 125
2432, 125
2160, 125
1910, 125
1662, 125
1479, 125
1331, 125
1217, 125
1165, 125
1136, 125
1141, 125
1154, 125
1179, 125
1207, 125
1241, 125
1265, 125
1271, 125
1296, 125
1298, 125
1296, 125
1303, 125
1302, 125
1293, 125
1313, 125
1312, 125
1322, 125
1333, 125
1334, 125
1348, 125
1375, 125
1367, 125
1383, 125
1383, 125
1382, 125
1360, 125
1354, 125
1339, 125
1334, 125
1333, 125
1338, 125
1335, 125
1360, 125
1440, 125
1566, 125
1787, 125
2081, 125
2438, 125
2834, 125
3296, 125
3891, 125
3987, 125
4015, 125
3996, 125
3998, 125
3997, 125
3984, 125
3998, 125
3734, 125
3373, 125
3051, 125
2788, 125
2525, 125
2261, 125
2002, 125
1729, 125
1479, 125
1265, 125
1099, 125
976, 125
894, 125
879, 125
876, 125
906, 125
958, 125
1008, 125
1078, 125
1121, 125
1171, 125
1200, 125
1239, 125
1254, 125
1278, 125
1287, 125
1265, 125
1280, 125
1270, 125
1261, 125
1254, 125
1235, 125
1232, 125
1232, 125
1221, 125
1226, 126
1223, 126
1233, 126
1237, 126
1238, 126
1244, 126
1242, 126
1227, 126
1214, 126
1203, 126
1199, 126
1213, 126
1198, 126
1211, 126
1222, 126
1251, 126
1321, 126
1455, 126
1665, 126
1938, 126
2270, 126
2634, 126
3014, 126
3437, 126
3843, 126
3986, 126
3991, 126
4001, 126
3984, 126
3648, 126
3361, 126
3090, 126
2877, 126
2672, 126
2448, 126
2243, 126
2021, 126
1808, 126
1591, 126
1403, 126
1252, 126
1146, 126
1087, 126
1061, 126
1053, 126
1088, 126
1127, 126
1186, 126
1232, 126
1290, 126
1345, 126
1364, 126
1398, 126
1392, 126
1397, 126
1393, 126
1372, 126
1362, 126
1343, 126
1325, 126
1300, 126
1280, 126
1270, 126
1253, 126
1236, 126
1228, 126
1231, 126
1223, 126
1232, 126
1235, 126
1234, 126
1248, 126
1265, 126
1287, 126
1299, 126
1304, 126
1311, 126
1323, 126
1315, 126
1308, 126
1296, 126
1293, 126
1302, 126
1283, 126
1268, 126
1262, 126
1266, 126
1266, 126
1280, 126
1306, 126
1398, 126
1531, 126
1741, 126
1995, 126
2278, 126
2556, 126
2818, 126
3042, 126
3196, 126
3261, 126
3239, 127
3143, 127
2992, 127
2834, 127
2661, 127
2496, 127
2330, 127
2189, 127
2032, 127
1877, 127
1735, 127
1584, 127
1469, 127
1386, 127
1335, 127
1344, 127
1407, 127
1515, 127
1653, 127
1821, 127
2004, 127
2197, 127
2358, 127
2501, 127
2598, 127
2633, 127
2613, 127
2539, 127
2442, 127
2301, 127
2147, 127
1981, 127
1835, 127
1683, 127
1572, 127
1467, 127
1399, 127
1359, 127
1334, 127
1330, 127
1343, 127
1356, 127
1379, 127
1396, 127
1425, 127
1457, 127
1474, 127
1477, 127
1488, 127
1488, 127
1479, 127
1469, 127
1473, 127
1476, 127
1481, 127
1499, 127
1575, 127
1712, 127
1936, 127
2240, 127
2627, 127
3056, 127
3667, 127
4003, 127
3995, 127
3998, 127
3999, 127
4001, 127
4001, 127
4005, 127
3985, 127
4007, 127
3995, 127
3562, 127
3163, 127
2805, 127
2471, 127
2128, 127
1807, 127
1522, 127
1295, 127
1114, 127
991, 127
933, 127
941, 127
990, 127
1059, 127
1168, 127
1267, 127
1377, 127
1456, 127
1552, 127
1611, 127
1652, 127
1689, 127
1715, 127
1727, 127
1725, 127
1700, 127
1671, 127
1623, 128
1569, 128
1512, 128
1456, 128
1405, 128
1357, 128
1305, 128
1261, 128
1231, 128
1202, 128
1174, 128
1161, 128
1151, 128
1157, 128
1166, 128
1168, 128
1213, 128
1291, 128
1451, 128
1683, 128
1968, 128
2324, 128
2699, 128
3088, 128
3547, 128
4001, 128
4014, 128
4001, 128
3998, 128
4017, 128
3997, 128
3706, 128
3338, 128
3047, 128
2800, 128
2554, 128
2322, 128
2106, 128
1863, 128
1654, 128
1470, 128
1333, 128
1247, 128
1181, 128
1165, 128
1157, 128
1175, 128
1217, 128
1272, 128
1314, 128
1344, 128
1360, 128
1365, 128
1360, 128
1334, 128
1287, 128
1254, 128
1201, 128
1168, 128
1136, 128
1120, 128
1099, 128
1076, 128
1063, 128
1045, 128
1056, 128
1088, 128
1104, 128
1134, 128
1169, 128
1188, 128
1222, 128
1241, 128
1263, 128
1297, 128
1334, 128
1381, 128
1467, 128
1607, 128
1794, 128
2012, 128
2262, 128
2496, 128
2710, 128
2869, 128
2967, 128
3003, 128
2982, 128
2898, 128
2797, 128
2662, 128
2522, 128
2379, 128
2238, 128
2115, 128
1955, 128
1805, 128
1635, 128
1476, 128
1372, 128
1269, 129
1214, 129
1171, 129
1175, 129
1201, 129
1239, 129
1279, 129
1314, 129
1360, 129
1378, 129
1405, 129
1399, 129
1401, 129
1379, 129
1369, 129
1360, 129
1347, 129
1344, 129
1333, 129
1327, 129
1327, 129
1338, 129
1333, 129
1341, 129
1328, 129
1333, 129
1328, 129
1338, 129
1333, 129
1345, 129
1340, 129
1356, 129
1358, 129
1362, 129
1373, 129
1408, 129
1485, 129
1616, 129
1805, 129
2031, 129
2276, 129
2501, 129
2714, 129
2867, 129
2967, 129
2993, 129
2922, 129
2817, 129
2686, 129
2512, 129
2338, 129
2161, 129
1989, 129
1813, 129
1653, 129
1489, 129
1367, 129
1253, 129
1170, 129
1145, 129
1132, 129
1153, 129
1220, 129
1296, 129
1362, 129
1433, 129
1501, 129
1525, 129
1570, 129
1582, 129
1583, 129
1563, 129
1552, 129
1525, 129
1490, 129
1467, 129
1437, 129
1411, 129
1390, 129
1368, 129
1363, 129
1360, 129
1371, 129
1369, 129
1367, 129
1387, 129
1392, 129
1402, 129
1410, 129
1402, 129
1415, 129
1408, 129
1426, 129
1439, 129
1485, 129
1584, 129
1740, 129
1936, 129
2191, 129
2448, 129
2692, 130
2911, 130
3071, 130
3184, 130
3193, 130
3125, 130
2983, 130
2811, 130
2638, 130
2452, 130
2275, 130
2106, 130
1935, 130
1767, 130
1607, 130
1470, 130
1350, 130
1279, 130
1213, 130
1204, 130
1231, 130
1257, 130
1301, 130
1360, 130
1424, 130
1476, 130
1520, 130
1562, 130
1579, 130
1591, 130
1590, 130
1588, 130
1577, 130
1555, 130
1527, 130
1518, 130
1490, 130
1477, 130
1457, 130
1450, 130
1435, 130
1433, 130
1424, 130
1424, 130
1406, 130
1414, 130
1405, 130
1392, 130
1393, 130
1394, 130
1408, 130
1413, 130
1426, 130
1463, 130
1545, 130
1663, 130
1859, 130
2125, 130
2397, 130
2683, 130
2937, 130
3194, 130
3412, 130
3507, 130
3485, 130
3353, 130
3193, 130
3008, 130
2804, 130
2607, 130
2390, 130
2217, 130
2029, 130
1850, 130
1680, 130
1535, 130
1406, 130
1327, 130
1292, 130
1275, 130
1296, 130
1344, 130
1410, 130
1472, 130
1527, 130
1578, 130
1618, 130
1648, 130
1657, 130
1648, 130
1633, 130
1606, 130
1573, 130
1535, 130
1504, 130
1472, 130
1453, 130
1425, 130
1413, 130
1408, 130
1409, 131
1395, 131
1403, 131
1405, 131
1405, 131
1408, 131
1419, 131
1411, 131
1415, 131
1423, 131
1424, 131
1434, 131
1456, 131
1519, 131
1619, 131
1802, 131
2032, 131
2306, 131
2608, 131
2897, 131
3202, 131
3474, 131
3699, 131
3778, 131
3737, 131
3521, 131
3312, 131
3061, 131
2841, 131
2637, 131
2432, 131
2241, 131
2064, 131
1887, 131
1724, 131
1584, 131
1466, 131
1366, 131
1317, 131
1306, 131
1314, 131
1347, 131
1389, 131
1450, 131
1495, 131
1552, 131
1584, 131
1604, 131
1617, 131
1613, 131
1615, 131
1599, 131
1584, 131
1556, 131
1527, 131
1510, 131
1476, 131
1456, 131
1441, 131
1454, 131
1444, 131
1450, 131
1455, 131
1439, 131
1435, 131
1436, 131
1441, 131
1442, 131
1443, 131
1435, 131
1429, 131
1437, 131
1452, 131
1472, 131
1527, 131
1637, 131
1814, 131
2047, 131
2326, 131
2647, 131
2975, 131
3354, 131
3731, 131
3987, 131
4000, 131
3991, 131
3897, 131
3630, 131
3317, 131
3057, 131
2834, 131
2637, 131
2440, 131
2251, 131
2078, 131
1901, 131
1739, 131
1600, 131
1488, 131
1407, 131
1376, 132
1357, 132
1382, 132
1418, 132
1466, 132
1507, 132
1568, 132
1604, 132
1631, 132
1644, 132
1643, 132
1635, 132
1621, 132
1605, 132
1579, 132
1565, 132
1523, 132
1507, 132
1491, 132
1478, 132
1477, 132
1472, 132
1466, 132
1461, 132
1449, 132
1441, 132
1454, 132
1450, 132
1456, 132
1449, 132
1438, 132
1435, 132
1441, 132
1444, 132
1436, 132
1446, 132
1456, 132
1502, 132
1584, 132
1744, 132
1941, 132
2222, 132
2530, 132
2864, 132
3242, 132
3664, 132
3997, 132
3989, 132
3998, 132
3999, 132
3989, 132
3740, 132
3433, 132
3178, 132
2957, 132
2753, 132
2556, 132
2368, 132
2176, 132
1981, 132
1797, 132
1644, 132
1501, 132
1415, 132
1362, 132
1350, 132
1359, 132
1395, 132
1437, 132
1489, 132
1535, 132
1572, 132
1599, 132
1629, 132
1630, 132
1632, 132
1614, 132
1591, 132
1581, 132
1549, 132
1518, 132
1499, 132
1490, 132
1485, 132
1455, 132
1442, 132
1445, 132
1455, 132
1443, 132
1436, 132
1446, 132
1440, 132
1434, 132
1427, 132
1422, 132
1413, 132
1403, 132
1389, 132
1374, 132
1376, 132
1369, 133
1378, 133
1392, 133
1415, 133
1472, 133
1589, 133
1786, 133
2016, 133
2324, 133
2640, 133
2961, 133
3323, 133
3680, 133
3957, 133
3988, 133
4003, 133
3870, 133
3667, 133
3373, 133
3133, 133
2917, 133
2729, 133
2547, 133
2361, 133
2195, 133
2007, 133
1839, 133
1680, 133
1559, 133
1445, 133
1389, 133
1351, 133
1328, 133
1349, 133
1378, 133
1424, 133
1475, 133
1505, 133
1533, 133
1554, 133
1558, 133
1558, 133
1552, 133
1551, 133
1534, 133
1509, 133
1496, 133
1495, 133
1487, 133
1467, 133
1457, 133
1441, 133
1435, 133
1436, 133
1422, 133
1428, 133
1415, 133
1403, 133
1403, 133
1404, 133
1415, 133
1423, 133
1421, 133
1433, 133
1418, 133
1424, 133
1424, 133
1423, 133
1435, 133
1449, 133
1485, 133
1563, 133
1722, 133
1915, 133
2187, 133
2490, 133
2806, 133
3139, 133
3495, 133
3811, 133
3993, 133
3997, 133
3885, 133
3667, 133
3414, 133
3159, 133
2953, 133
2743, 133
2555, 133
2384, 133
2208, 133
2018, 133
1839, 133
1678, 133
1530, 133
1431, 133
1367, 133
1328, 133
1337, 133
1361, 133
1424, 134
1481, 134
1533, 134
1579, 134
1600, 134
1616, 134
1632, 134
1620, 134
1616, 134
1586, 134
1566, 134
1535, 134
1506, 134
1492, 134
1478, 134
1482, 134
1473, 134
1469, 134
1472, 134
1469, 134
1463, 134
1467, 134
1458, 134
1451, 134
1433, 134
1431, 134
1408, 134
1408, 134
1393, 134
1393, 134
1399, 134
1412, 134
1426, 134
1437, 134
1463, 134
1498, 134
1587, 134
1732, 134
1954, 134
2231, 134
2547, 134
2896, 134
3249, 134
3690, 134
3999, 134
3990, 134
4000, 134
4001, 134
3999, 134
3739, 134
3431, 134
3175, 134
2974, 134
2800, 134
2623, 134
2448, 134
2271, 134
2096, 134
1904, 134
1727, 134
1585, 134
1467, 134
1392, 134
1354, 134
1325, 134
1334, 134
1343, 134
1371, 134
1411, 134
1457, 134
1495, 134
1515, 134
1531, 134
1535, 134
1543, 134
1547, 134
1531, 134
1508, 134
1497, 134
1487, 134
1474, 134
1461, 134
1438, 134
1418, 134
1400, 134
1392, 134
1387, 134
1379, 134
1376, 134
1373, 134
1378, 134
1379, 134
1387, 134
1374, 134
1376, 134
1385, 134
1389, 134
1390, 134
1383, 134
1375, 134
1369, 135
1367, 135
1360, 135
1359, 135
1344, 135
1343, 135
1329, 135
1317, 135
1319, 135
1315, 135
1312, 135
1310, 135
1319, 135
1340, 135
1360, 135
1395, 135
1437, 135
1535, 135
1707, 135
1968, 135
2278, 135
2642, 135
3033, 135
3530, 135
3998, 135
3989, 135
4001, 135
3986, 135
3993, 135
3987, 135
3991, 135
3991, 135
3989, 135
3994, 135
4009, 135
4003, 135
4002, 135
4007, 135
3987, 135
4001, 135
3998, 135
3402, 135
2944, 135
2608, 135
2315, 135
2059, 135
1847, 135
1689, 135
1559, 135
1465, 135
1395, 135
1357, 135
1350, 135
1337, 135
1360, 135
1363, 135
1383, 135
1392, 135
1408, 135
1407, 135
1424, 135
1436, 135
1458, 135
1466, 135
1465, 135
1477, 135
1481, 135
1492, 135
1492, 135
1510, 135
1521, 135
1513, 135
1521, 135
1511, 135
1520, 135
1513, 135
1491, 135
1502, 135
1485, 135
1471, 135
1455, 135
1424, 135
1411, 135
1418, 135
1435, 135
1507, 135
1664, 135
1882, 135
2179, 135
2528, 135
2898, 135
3341, 135
3827, 135
3994, 135
3991, 135
3987, 135
4007, 135
4006, 135
3971, 135
3891, 135
3566, 136
3294, 136
3070, 136
2874, 136
2682, 136
2480, 136
2272, 136
2062, 136
1841, 136
1659, 136
1487, 136
1357, 136
1257, 136
1207, 136
1200, 136
1205, 136
1232, 136
1275, 136
1339, 136
1383, 136
1438, 136
1463, 136
1493, 136
1510, 136
1519, 136
1491, 136
1472, 136
1446, 136
1402, 136
1370, 136
1329, 136
1303, 136
1281, 136
1273, 136
1255, 136
1245, 136
1252, 136
1251, 136
1249, 136
1242, 136
1238, 136
1237, 136
1248, 136
1252, 136
1253, 136
1250, 136
1245, 136
1243, 136
1247, 136
1230, 136
1232, 136
1247, 136
1253, 136
1262, 136
1283, 136
1281, 136
1299, 136
1328, 136
1358, 136
1360, 136
1375, 136
1379, 136
1367, 136
1385, 136
1404, 136
1429, 136
1509, 136
1650, 136
1861, 136
2124, 136
2397, 136
2704, 136
2994, 136
3295, 136
3498, 136
3664, 136
3662, 136
3538, 136
3367, 136
3185, 136
2998, 136
2821, 136
2672, 136
2521, 136
2385, 136
2252, 136
2115, 136
1947, 136
1805, 136
1648, 136
1519, 136
1396, 136
1323, 136
1276, 136
1242, 136
1254, 136
1283, 136
1327, 136
1358, 136
1407, 136
1447, 137
1488, 137
1504, 137
1527, 137
1557, 137
1557, 137
1549, 137
1523, 137
1505, 137
1484, 137
1430, 137
1408, 137
1375, 137
1347, 137
1327, 137
1311, 137
1303, 137
1307, 137
1315, 137
1335, 137
1343, 137
1355, 137
1367, 137
1391, 137
1405, 137
1425, 137
1431, 137
1447, 137
1459, 137
1454, 137
1455, 137
1433, 137
1424, 137
1408, 137
1406, 137
1406, 137
1405, 137
1406, 137
1409, 137
1422, 137
1424, 137
1431, 137
1449, 137
1461, 137
1459, 137
1473, 137
1473, 137
1484, 137
1472, 137
1460, 137
1455, 137
1457, 137
1472, 137
1561, 137
1702, 137
1908, 137
2176, 137
2448, 137
2731, 137
2998, 137
3239, 137
3408, 137
3494, 137
3485, 137
3351, 137
3197, 137
2992, 137
2803, 137
2637, 137
2459, 137
2298, 137
2160, 137
2007, 137
1872, 137
1741, 137
1594, 137
1473, 137
1389, 137
1321, 137
1296, 137
1291, 137
1316, 137
1345, 137
1401, 137
1466, 137
1534, 137
1583, 137
1625, 137
1649, 137
1661, 137
1648, 137
1636, 137
1621, 137
1599, 137
1566, 137
1535, 137
1513, 137
1489, 137
1456, 137
1433, 137
1410, 138
1402, 138
1391, 138
1395, 138
1397, 138
1398, 138
1418, 138
1429, 138
1435, 138
1443, 138
1445, 138
1440, 138
1439, 138
1435, 138
1426, 138
1437, 138
1431, 138
1444, 138
1459, 138
1455, 138
1459, 138
1485, 138
1485, 138
1500, 138
1510, 138
1525, 138
1535, 138
1535, 138
1547, 138
1552, 138
1545, 138
1547, 138
1554, 138
1602, 138
1727, 138
1918, 138
2167, 138
2433, 138
2693, 138
2954, 138
3184, 138
3333, 138
3415, 138
3403, 138
3279, 138
3127, 138
2951, 138
2782, 138
2610, 138
2447, 138
2289, 138
2137, 138
1987, 138
1855, 138
1707, 138
1574, 138
1464, 138
1375, 138
1313, 138
1294, 138
1296, 138
1335, 138
1381, 138
1451, 138
1510, 138
1575, 138
1616, 138
1654, 138
1680, 138
1677, 138
1680, 138
1661, 138
1648, 138
1621, 138
1584, 138
1552, 138
1517, 138
1488, 138
1457, 138
1430, 138
1426, 138
1423, 138
1435, 138
1446, 138
1474, 138
1488, 138
1501, 138
1514, 138
1526, 138
1552, 138
1546, 138
1535, 138
1543, 138
1523, 138
1511, 138
1490, 138
1471, 138
1446, 138
1452, 138
1455, 138
1453, 139
1468, 139
1519, 139
1633, 139
1800, 139
2021, 139
2287, 139
2576, 139
2849, 139
3120, 139
3377, 139
3575, 139
3650, 139
3567, 139
3386, 139
3195, 139
2971, 139
2770, 139
2570, 139
2378, 139
2209, 139
2033, 139
1875, 139
1722, 139
1609, 139
1488, 139
1418, 139
1367, 139
1346, 139
1356, 139
1377, 139
1433, 139
1485, 139
1553, 139
1597, 139
1622, 139
1658, 139
1649, 139
1643, 139
1632, 139
1617, 139
1591, 139
1565, 139
1546, 139
1519, 139
1503, 139
1502, 139
1491, 139
1490, 139
1504, 139
1514, 139
1520, 139
1535, 139
1549, 139
1555, 139
1552, 139
1550, 139
1531, 139
1521, 139
1494, 139
1482, 139
1479, 139
1476, 139
1459, 139
1456, 139
1456, 139
1457, 139
1485, 139
1518, 139
1579, 139
1682, 139
1862, 139
2112, 139
2384, 139
2701, 139
3024, 139
3367, 139
3715, 139
3959, 139
3993, 139
3999, 139
3763, 139
3472, 139
3208, 139
2960, 139
2752, 139
2551, 139
2386, 139
2242, 139
2098, 139
1968, 139
1827, 139
1709, 139
1605, 139
1547, 139
1498, 139
1481, 139
1483, 139
1493, 139
1526, 139
1552, 140
1581, 140
1602, 140
1618, 140
1631, 140
1638, 140
1644, 140
1634, 140
1619, 140
1605, 140
1602, 140
1600, 140
1591, 140
1599, 140
1599, 140
1586, 140
1570, 140
1575, 140
1572, 140
1552, 140
1535, 140
1518, 140
1486, 140
1480, 140
1461, 140
1438, 140
1443, 140
1434, 140
1444, 140
1456, 140
1459, 140
1486, 140
1500, 140
1554, 140
1637, 140
1776, 140
1986, 140
2251, 140
2540, 140
2877, 140
3215, 140
3594, 140
3926, 140
3989, 140
3985, 140
3993, 140
3789, 140
3505, 140
3231, 140
2983, 140
2784, 140
2591, 140
2418, 140
2276, 140
2128, 140
1990, 140
1846, 140
1730, 140
1628, 140
1551, 140
1480, 140
1450, 140
1427, 140
1441, 140
1467, 140
1487, 140
1521, 140
1559, 140
1584, 140
1599, 140
1602, 140
1616, 140
1617, 140
1618, 140
1621, 140
1603, 140
1602, 140
1579, 140
1573, 140
1568, 140
1561, 140
1550, 140
1535, 140
1525, 140
1504, 140
1500, 140
1472, 140
1458, 140
1442, 140
1427, 140
1421, 140
1422, 140
1415, 140
1431, 140
1446, 140
1460, 140
1472, 140
1519, 140
1570, 140
1679, 140
1826, 141
2065, 141
2333, 141
2637, 141
2970, 141
3328, 141
3727, 141
3995, 141
3996, 141
3998, 141
3984, 141
3994, 141
3664, 141
3362, 141
3132, 141
2910, 141
2726, 141
2544, 141
2383, 141
2215, 141
2058, 141
1907, 141
1767, 141
1631, 141
1531, 141
1455, 141
1419, 141
1415, 141
1411, 141
1451, 141
1483, 141
1503, 141
1550, 141
1555, 141
1574, 141
1582, 141
1586, 141
1584, 141
1570, 141
1584, 141
1559, 141
1568, 141
1567, 141
1554, 141
1533, 141
1515, 141
1501, 141
1491, 141
1474, 141
1469, 141
1444, 141
1428, 141
1423, 141
1408, 141
1391, 141
1387, 141
1378, 141
1366, 141
1379, 141
1392, 141
1417, 141
1434, 141
1463, 141
1515, 141
1609, 141
1753, 141
1970, 141
2247, 141
2558, 141
2889, 141
3238, 141
3603, 141
3905, 141
3989, 141
3990, 141
3950, 141
3701, 141
3412, 141
3152, 141
2924, 141
2735, 141
2553, 141
2389, 141
2224, 141
2075, 141
1920, 141
1779, 141
1648, 141
1547, 141
1457, 141
1404, 141
1376, 141
1367, 141
1382, 141
1406, 141
1425, 141
1458, 141
1488, 141
1490, 141
1525, 141
1535, 142
1529, 142
1519, 142
1509, 142
1509, 142
1494, 142
1487, 142
1478, 142
1473, 142
1456, 142
1459, 142
1456, 142
1462, 142
1456, 142
1454, 142
1461, 142
1457, 142
1455, 142
1451, 142
1461, 142
1458, 142
1459, 142
1472, 142
1483, 142
1488, 142
1523, 142
1586, 142
1698, 142
1879, 142
2128, 142
2420, 142
2758, 142
3113, 142
3535, 142
3980, 142
3984, 142
4000, 142
3984, 142
3999, 142
3993, 142
3749, 142
3424, 142
3140, 142
2926, 142
2716, 142
2533, 142
2332, 142
2121, 142
1927, 142
1747, 142
1582, 142
1452, 142
1360, 142
1310, 142
1302, 142
1296, 142
1312, 142
1343, 142
1365, 142
1405, 142
1443, 142
1472, 142
1488, 142
1495, 142
1508, 142
1506, 142
1491, 142
1497, 142
1488, 142
1482, 142
1460, 142
1442, 142
1408, 142
1382, 142
1343, 142
1305, 142
1266, 142
1241, 142
1201, 142
1186, 142
1189, 142
1199, 142
1215, 142
1247, 142
1293, 142
1311, 142
1356, 142
1394, 142
1479, 142
1605, 142
1795, 142
2063, 142
2366, 142
2704, 142
3066, 142
3472, 142
3979, 142
3999, 142
3991, 142
4001, 142
3991, 143
4011, 143
3994, 143
4006, 143
3993, 143
4007, 143
3997, 143
3802, 143
3554, 143
3322, 143
3097, 143
2865, 143
2685, 143
2482, 143
2314, 143
2181, 143
2061, 143
1973, 143
1932, 143
1885, 143
1846, 143
1815, 143
1771, 143
1726, 143
1670, 143
1616, 143
1552, 143
1502, 143
1433, 143
1384, 143
1340, 143
1309, 143
1294, 143
1280, 143
1273, 143
1286, 143
1317, 143
1343, 143
1364, 143
1392, 143
1414, 143
1417, 143
1430, 143
1426, 143
1421, 143
1440, 143
1492, 143
1616, 143
1824, 143
2114, 143
2465, 143
2884, 143
3391, 143
3977, 143
4004, 143
4006, 143
4003, 143
3991, 143
4002, 143
3990, 143
3999, 143
3985, 143
3998, 143
3844, 143
3541, 143
3249, 143
2961, 143
2663, 143
2349, 143
2019, 143
1714, 143
1442, 143
1231, 143
1067, 143
975, 143
935, 143
941, 143
959, 143
1003, 143
1046, 143
1099, 143
1149, 143
1195, 143
1232, 143
1266, 143
1296, 143
1318, 143
1330, 143
1345, 143
1360, 143
1379, 143
1389, 143
1390, 143
1392, 143
1397, 143
1386, 143
1383, 143
1366, 143
1347, 143
1322, 143
1291, 144
1251, 144
1232, 144
1232, 144
1269, 144
1355, 144
1533, 144
1787, 144
2112, 144
2463, 144
2848, 144
3289, 144
3803, 144
3998, 144
4000, 144
4010, 144
4002, 144
4007, 144
3999, 144
3990, 144
3807, 144
3344, 144
3006, 144
2729, 144
2453, 144
2179, 144
1893, 144
1644, 144
1389, 144
1197, 144
1042, 144
978, 144
937, 144
931, 144
950, 144
1001, 144
1054, 144
1130, 144
1173, 144
1210, 144
1261, 144
1279, 144
1294, 144
1280, 144
1280, 144
1289, 144
1264, 144
1248, 144
1247, 144
1234, 144
1239, 144
1243, 144
1253, 144
1265, 144
1279, 144
1280, 144
1286, 144
1280, 144
1269, 144
1274, 144
1263, 144
1264, 144
1264, 144
1291, 144
1317, 144
1359, 144
1393, 144
1470, 144
1626, 144
1840, 144
2121, 144
2448, 144
2817, 144
3234, 144
3779, 144
4009, 144
3997, 144
3995, 144
4001, 144
3993, 144
4005, 144
4003, 144
4002, 144
3559, 144
3191, 144
2855, 144
2525, 144
2215, 144
1906, 144
1616, 144
1347, 144
1137, 144
994, 144
883, 144
848, 144
876, 144
937, 144
1054, 144
1209, 144
1366, 144
1531, 145
1709, 145
1841, 145
1953, 145
2032, 145
2074, 145
2080, 145
2059, 145
2012, 145
1946, 145
1872, 145
1792, 145
1712, 145
1650, 145
1590, 145
1535, 145
1482, 145
1444, 145
1399, 145
1386, 145
1350, 145
1330, 145
1328, 145
1327, 145
1311, 145
1298, 145
1306, 145
1312, 145
1360, 145
1456, 145
1622, 145
1872, 145
2168, 145
2523, 145
2917, 145
3358, 145
3914, 145
4005, 145
4003, 145
4011, 145
3997, 145
3991, 145
3986, 145
3665, 145
3267, 145
2928, 145
2625, 145
2352, 145
2063, 145
1781, 145
1554, 145
1331, 145
1173, 145
1072, 145
1038, 145
1008, 145
1051, 145
1104, 145
1179, 145
1280, 145
1360, 145
1439, 145
1510, 145
1562, 145
1587, 145
1591, 145
1587, 145
1552, 145
1518, 145
1479, 145
1425, 145
1377, 145
1327, 145
1285, 145
1244, 145
1200, 145
1181, 145
1165, 145
1168, 145
1178, 145
1200, 145
1209, 145
1222, 145
1235, 145
1241, 145
1259, 145
1269, 145
1291, 145
1344, 145
1447, 145
1634, 145
1903, 145
2256, 145
2672, 145
3158, 145
3835, 145
3999, 145
3999, 145
3998, 145
3998, 145
3999, 146
4014, 146
4007, 146
4000, 146
4000, 146
3431, 146
2999, 146
2639, 146
2288, 146
1941, 146
1616, 146
1325, 146
1074, 146
889, 146
768, 146
706, 146
673, 146
702, 146
745, 146
816, 146
901, 146
992, 146
1074, 146
1157, 146
1222, 146
1270, 146
1313, 146
1328, 146
1309, 146
1310, 146
1293, 146
1287, 146
1265, 146
1266, 146
1271, 146
1280, 146
1281, 146
1264, 146
1258, 146
1245, 146
1247, 146
1238, 146
1251, 146
1232, 146
1241, 146
1232, 146
1239, 146
1247, 146
1269, 146
1296, 146
1375, 146
1502, 146
1710, 146
1979, 146
2273, 146
2590, 146
2907, 146
3215, 146
3504, 146
3716, 146
3739, 146
3606, 146
3356, 146
3135, 146
2891, 146
2643, 146
2409, 146
2186, 146
1958, 146
1741, 146
1535, 146
1360, 146
1233, 146
1127, 146
1063, 146
1023, 146
1039, 146
1062, 146
1125, 146
1175, 146
1255, 146
1305, 146
1363, 146
1408, 146
1429, 146
1453, 146
1469, 146
1461, 146
1470, 146
1454, 146
1437, 146
1417, 146
1395, 146
1375, 146
1359, 146
1354, 146
1337, 146
1321, 146
1314, 146
1311, 146
1296, 147
1287, 147
1271, 147
1270, 147
1274, 147
1268, 147
1289, 147
1303, 147
1344, 147
1395, 147
1518, 147
1710, 147
1930, 147
2196, 147
2489, 147
2768, 147
3009, 147
3211, 147
3333, 147
3320, 147
3217, 147
3030, 147
2838, 147
2634, 147
2402, 147
2193, 147
1988, 147
1786, 147
1597, 147
1425, 147
1265, 147
1139, 147
1043, 147
990, 147
981, 147
1014, 147
1088, 147
1163, 147
1226, 147
1305, 147
1365, 147
1419, 147
1457, 147
1489, 147
1498, 147
1489, 147
1487, 147
1456, 147
1442, 147
1419, 147
1394, 147
1367, 147
1350, 147
1341, 147
1328, 147
1325, 147
1334, 147
1328, 147
1330, 147
1333, 147
1346, 147
1365, 147
1365, 147
1386, 147
1401, 147
1424, 147
1452, 147
1503, 147
1636, 147
1827, 147
2057, 147
2320, 147
2587, 147
2823, 147
3039, 147
3215, 147
3264, 147
3213, 147
3101, 147
2925, 147
2738, 147
2531, 147
2335, 147
2126, 147
1936, 147
1756, 147
1591, 147
1423, 147
1283, 147
1183, 147
1117, 147
1109, 147
1104, 147
1151, 147
1201, 147
1274, 147
1344, 147
1416, 147
1477, 147
1519, 147
1549, 148
1574, 148
1579, 148
1561, 148
1552, 148
1526, 148
1499, 148
1472, 148
1447, 148
1431, 148
1399, 148
1392, 148
1386, 148
1379, 148
1371, 148
1367, 148
1370, 148
1379, 148
1379, 148
1396, 148
1409, 148
1431, 148
1451, 148
1486, 148
1591, 148
1753, 148
1981, 148
2235, 148
2502, 148
2762, 148
2963, 148
3127, 148
3205, 148
3187, 148
3084, 148
2935, 148
2753, 148
2551, 148
2347, 148
2134, 148
1941, 148
1776, 148
1614, 148
1454, 148
1335, 148
1235, 148
1182, 148
1141, 148
1149, 148
1195, 148
1258, 148
1335, 148
1424, 148
1505, 148
1570, 148
1635, 148
1670, 148
1697, 148
1715, 148
1699, 148
1680, 148
1664, 148
1633, 148
1594, 148
1569, 148
1545, 148
1515, 148
1488, 148
1469, 148
1445, 148
1429, 148
1424, 148
1430, 148
1423, 148
1424, 148
1440, 148
1461, 148
1494, 148
1581, 148
1701, 148
1898, 148
2159, 148
2432, 148
2736, 148
3003, 148
3294, 148
3527, 148
3650, 148
3618, 148
3456, 148
3251, 148
3020, 148
2802, 148
2587, 148
2381, 148
2187, 148
1996, 148
1822, 148
1647, 148
1500, 148
1382, 149
1313, 149
1285, 149
1287, 149
1306, 149
1376, 149
1440, 149
1511, 149
1581, 149
1633, 149
1658, 149
1675, 149
1685, 149
1666, 149
1638, 149
1616, 149
1582, 149
1550, 149
1520, 149
1488, 149
1449, 149
1424, 149
1409, 149
1394, 149
1386, 149
1375, 149
1382, 149
1391, 149
1406, 149
1435, 149
1450, 149
1505, 149
1619, 149
1815, 149
2063, 149
2356, 149
2697, 149
3056, 149
3494, 149
3939, 149
3987, 149
3984, 149
4000, 149
3995, 149
3858, 149
3505, 149
3193, 149
2937, 149
2706, 149
2482, 149
2269, 149
2063, 149
1872, 149
1689, 149
1521, 149
1405, 149
1328, 149
1287, 149
1286, 149
1319, 149
1370, 149
1424, 149
1478, 149
1533, 149
1584, 149
1627, 149
1644, 149
1661, 149
1650, 149
1649, 149
1642, 149
1615, 149
1586, 149
1558, 149
1522, 149
1488, 149
1465, 149
1450, 149
1429, 149
1422, 149
1413, 149
1396, 149
1399, 149
1421, 149
1447, 149
1506, 149
1627, 149
1793, 149
2016, 149
2318, 149
2654, 149
3005, 149
3409, 149
3882, 149
3999, 149
3987, 149
3993, 149
3993, 149
4011, 149
3905, 149
3536, 150
3235, 150
2978, 150
2738, 150
2513, 150
2290, 150
2069, 150
1842, 150
1666, 150
1515, 150
1418, 150
1364, 150
1358, 150
1361, 150
1386, 150
1426, 150
1477, 150
1525, 150
1582, 150
1616, 150
1650, 150
1663, 150
1654, 150
1652, 150
1632, 150
1629, 150
1600, 150
1584, 150
1557, 150
1520, 150
1483, 150
1468, 150
1435, 150
1431, 150
1423, 150
1410, 150
1395, 150
1391, 150
1392, 150
1402, 150
1428, 150
1499, 150
1630, 150
1841, 150
2130, 150
2471, 150
2858, 150
3312, 150
3923, 150
3991, 150
3989, 150
3995, 150
3995, 150
3998, 150
4002, 150
3995, 150
4002, 150
3920, 150
3446, 150
3089, 150
2791, 150
2497, 150
2211, 150
1933, 150
1695, 150
1481, 150
1322, 150
1219, 150
1168, 150
1164, 150
1168, 150
1219, 150
1277, 150
1321, 150
1360, 150
1418, 150
1447, 150
1494, 150
1518, 150
1523, 150
1545, 150
1543, 150
1530, 150
1511, 150
1488, 150
1479, 150
1449, 150
1439, 150
1427, 150
1410, 150
1394, 150
1380, 150
1372, 150
1353, 150
1346, 150
1329, 150
1328, 150
1330, 150
1337, 150
1349, 150
1409, 151
1509, 151
1692, 151
1957, 151
2290, 151
2672, 151
3107, 151
3706, 151
3976, 151
3999, 151
3989, 151
3992, 151
3997, 151
3994, 151
4001, 151
3998, 151
3984, 151
3855, 151
3439, 151
3066, 151
2755, 151
2462, 151
2151, 151
1862, 151
1631, 151
1424, 151
1271, 151
1191, 151
1139, 151
1139, 151
1167, 151
1207, 151
1254, 151
1302, 151
1345, 151
1391, 151
1421, 151
1438, 151
1457, 151
1471, 151
1463, 151
1455, 151
1438, 151
1433, 151
1417, 151
1409, 151
1408, 151
1392, 151
1385, 151
1373, 151
1360, 151
1346, 151
1326, 151
1328, 151
1327, 151
1316, 151
1317, 151
1300, 151
1296, 151
1281, 151
1281, 151
1296, 151
1306, 151
1328, 151
1408, 151
1553, 151
1771, 151
2093, 151
2465, 151
2911, 151
3472, 151
3997, 151
3995, 151
4003, 151
3998, 151
4013, 151
3996, 151
3991, 151
3991, 151
4006, 151
4005, 151
3987, 151
4007, 151
3994, 151
3555, 151
3088, 151
2711, 151
2334, 151
2000, 151
1709, 151
1463, 151
1286, 151
1168, 151
1088, 151
1051, 151
1059, 151
1074, 151
1111, 151
1154, 151
1190, 151
1248, 152
1277, 152
1315, 152
1328, 152
1347, 152
1355, 152
1360, 152
1347, 152
1343, 152
1330, 152
1318, 152
1299, 152
1297, 152
1293, 152
1277, 152
1282, 152
1264, 152
1264, 152
1259, 152
1239, 152
1250, 152
1257, 152
1257, 152
1264, 152
1269, 152
1280, 152
1288, 152
1298, 152
1297, 152
1315, 152
1312, 152
1327, 152
1319, 152
1296, 152
1306, 152
1301, 152
1297, 152
1315, 152
1335, 152
1378, 152
1475, 152
1647, 152
1885, 152
2224, 152
2594, 152
3012, 152
3562, 152
4004, 152
3987, 152
3995, 152
3998, 152
4005, 152
4007, 152
3984, 152
3990, 152
3989, 152
4003, 152
3809, 152
3456, 152
3140, 152
2865, 152
2606, 152
2334, 152
2064, 152
1807, 152
1589, 152
1422, 152
1308, 152
1225, 152
1205, 152
1190, 152
1216, 152
1248, 152
1295, 152
1341, 152
1376, 152
1413, 152
1443, 152
1461, 152
1479, 152
1473, 152
1461, 152
1447, 152
1428, 152
1398, 152
1378, 152
1345, 152
1329, 152
1311, 152
1298, 152
1296, 152
1297, 152
1298, 152
1296, 152
1303, 152
1325, 152
1327, 152
1346, 152
1361, 152
1360, 152
1360, 153
1356, 153
1344, 153
1341, 153
1325, 153
1323, 153
1321, 153
1312, 153
1319, 153
1339, 153
1360, 153
1423, 153
1557, 153
1747, 153
2031, 153
2379, 153
2768, 153
3226, 153
3819, 153
3995, 153
4001, 153
3999, 153
3999, 153
4006, 153
3984, 153
3997, 153
3986, 153
3841, 153
3475, 153
3200, 153
2944, 153
2704, 153
2463, 153
2215, 153
1951, 153
1710, 153
1483, 153
1296, 153
1151, 153
1070, 153
1021, 153
999, 153
1023, 153
1059, 153
1107, 153
1155, 153
1229, 153
1287, 153
1346, 153
1386, 153
1418, 153
1442, 153
1455, 153
1459, 153
1456, 153
1438, 153
1398, 153
1372, 153
1328, 153
1303, 153
1269, 153
1246, 153
1233, 153
1227, 153
1232, 153
1243, 153
1239, 153
1253, 153
1278, 153
1306, 153
1343, 153
1359, 153
1391, 153
1415, 153
1440, 153
1472, 153
1491, 153
1495, 153
1492, 153
1471, 153
1440, 153
1420, 153
1385, 153
1359, 153
1328, 153
1311, 153
1326, 153
1343, 153
1440, 153
1603, 153
1865, 153
2182, 153
2559, 153
2993, 153
3551, 153
4006, 153
3997, 153
4005, 153
3991, 153
3989, 153
4002, 154
4011, 154
3995, 154
3997, 154
4009, 154
3621, 154
3247, 154
2942, 154
2669, 154
2405, 154
2139, 154
1888, 154
1648, 154
1456, 154
1316, 154
1210, 154
1145, 154
1127, 154
1136, 154
1168, 154
1204, 154
1233, 154
1266, 154
1305, 154
1328, 154
1341, 154
1333, 154
1326, 154
1330, 154
1313, 154
1297, 154
1297, 154
1296, 154
1294, 154
1287, 154
1296, 154
1296, 154
1301, 154
1303, 154
1322, 154
1328, 154
1344, 154
1340, 154
1348, 154
1341, 154
1318, 154
1314, 154
1296, 154
1284, 154
1274, 154
1275, 154
1266, 154
1262, 154
1271, 154
1268, 154
1264, 154
1274, 154
1290, 154
1286, 154
1290, 154
1306, 154
1320, 154
1330, 154
1360, 154
1415, 154
1552, 154
1747, 154
2023, 154
2339, 154
2679, 154
3030, 154
3414, 154
3825, 154
3989, 154
4002, 154
3986, 154
3928, 154
3633, 154
3330, 154
3066, 154
2859, 154
2668, 154
2480, 154
2303, 154
2128, 154
1939, 154
1761, 154
1584, 154
1419, 154
1295, 154
1208, 154
1153, 154
1136, 154
1146, 154
1181, 154
1232, 154
1290, 154
1361, 154
1419, 154
1463, 154
1505, 155
1525, 155
1552, 155
1552, 155
1547, 155
1511, 155
1491, 155
1474, 155
1452, 155
1408, 155
1365, 155
1351, 155
1328, 155
1322, 155
1299, 155
1285, 155
1296, 155
1291, 155
1306, 155
1319, 155
1324, 155
1329, 155
1340, 155
1345, 155
1359, 155
1360, 155
1373, 155
1363, 155
1360, 155
1369, 155
1361, 155
1353, 155
1335, 155
1333, 155
1343, 155
1388, 155
1465, 155
1611, 155
1830, 155
2110, 155
2396, 155
2716, 155
3027, 155
3332, 155
3613, 155
3765, 155
3779, 155
3651, 155
3421, 155
3180, 155
2943, 155
2722, 155
2512, 155
2331, 155
2160, 155
1982, 155
1803, 155
1651, 155
1488, 155
1358, 155
1259, 155
1210, 155
1188, 155
1203, 155
1233, 155
1282, 155
1360, 155
1430, 155
1477, 155
1520, 155
1565, 155
1584, 155
1583, 155
1584, 155
1564, 155
1524, 155
1493, 155
1454, 155
1422, 155
1395, 155
1389, 155
1360, 155
1355, 155
1351, 155
1370, 155
1374, 155
1375, 155
1390, 155
1382, 155
1401, 155
1396, 155
1408, 155
1410, 155
1410, 155
1403, 155
1391, 155
1392, 155
1381, 155
1390, 155
1383, 155
1377, 156
1390, 156
1395, 156
1401, 156
1424, 156
1467, 156
1535, 156
1664, 156
1882, 156
2147, 156
2442, 156
2768, 156
3120, 156
3459, 156
3819, 156
3985, 156
4007, 156
3850, 156
3569, 156
3295, 156
3024, 156
2799, 156
2592, 156
2413, 156
2255, 156
2096, 156
1963, 156
1821, 156
1687, 156
1550, 156
1434, 156
1347, 156
1299, 156
1289, 156
1291, 156
1319, 156
1362, 156
1412, 156
1466, 156
1488, 156
1519, 156
1529, 156
1553, 156
1547, 156
1550, 156
1525, 156
1511, 156
1489, 156
1477, 156
1456, 156
1439, 156
1437, 156
1428, 156
1435, 156
1436, 156
1426, 156
1424, 156
1410, 156
1411, 156
1419, 156
1415, 156
1397, 156
1391, 156
1387, 156
1377, 156
1374, 156
1358, 156
1359, 156
1353, 156
1357, 156
1368, 156
1390, 156
1419, 156
1461, 156
1587, 156
1757, 156
2012, 156
2315, 156
2635, 156
2959, 156
3295, 156
3653, 156
3925, 156
3986, 156
3935, 156
3729, 156
3455, 156
3169, 156
2939, 156
2733, 156
2529, 156
2368, 156
2212, 156
2065, 156
1904, 156
1771, 156
1633, 156
1520, 156
1414, 156
1355, 156
1328, 157
1325, 157
1342, 157
1362, 157
1391, 157
1422, 157
1456, 157
1488, 157
1518, 157
1524, 157
1535, 157
1549, 157
1535, 157
1529, 157
1522, 157
1505, 157
1486, 157
1471, 157
1453, 157
1434, 157
1424, 157
1404, 157
1385, 157
1376, 157
1373, 157
1366, 157
1363, 157
1360, 157
1366, 157
1373, 157
1374, 157
1393, 157
1396, 157
1408, 157
1408, 157
1413, 157
1419, 157
1447, 157
1499, 157
1626, 157
1817, 157
2062, 157
2347, 157
2666, 157
2982, 157
3312, 157
3634, 157
3829, 157
3891, 157
3805, 157
3582, 157
3325, 157
3088, 157
2883, 157
2679, 157
2508, 157
2341, 157
2189, 157
2022, 157
1872, 157
1729, 157
1597, 157
1473, 157
1403, 157
1346, 157
1323, 157
1331, 157
1358, 157
1391, 157
1416, 157
1442, 157
1478, 157
1518, 157
1545, 157
1560, 157
1571, 157
1588, 157
1584, 157
1584, 157
1575, 157
1552, 157
1535, 157
1520, 157
1500, 157
1476, 157
1450, 157
1437, 157
1423, 157
1408, 157
1406, 157
1392, 157
1382, 157
1375, 157
1366, 157
1360, 157
1366, 157
1379, 157
1405, 157
1431, 157
1488, 157
1571, 158
1726, 158
1958, 158
2237, 158
2574, 158
2907, 158
3290, 158
3750, 158
3991, 158
3991, 158
3999, 158
4009, 158
3941, 158
3581, 158
3280, 158
3037, 158
2832, 158
2642, 158
2480, 158
2313, 158
2160, 158
1989, 158
1840, 158
1684, 158
1562, 158
1457, 158
1393, 158
1359, 158
1335, 158
1338, 158
1360, 158
1386, 158
1406, 158
1426, 158
1444, 158
1466, 158
1474, 158
1493, 158
1511, 158
1514, 158
1520, 158
1523, 158
1521, 158
1520, 158
1509, 158
1501, 158
1479, 158
1473, 158
1440, 158
1435, 158
1407, 158
1392, 158
1389, 158
1364, 158
1360, 158
1361, 158
1360, 158
1372, 158
1389, 158
1419, 158
1472, 158
1594, 158
1767, 158
2014, 158
2338, 158
2695, 158
3109, 158
3632, 158
3997, 158
4001, 158
4002, 158
4009, 158
3995, 158
3993, 158
3984, 158
4007, 158
4001, 158
3600, 158
3313, 158
3056, 158
2853, 158
2637, 158
2416, 158
2192, 158
1956, 158
1765, 158
1589, 158
1447, 158
1355, 158
1297, 158
1285, 158
1284, 158
1291, 158
1307, 158
1319, 158
1338, 158
1347, 158
1357, 158
1353, 158
1362, 158
1386, 159
1393, 159
1409, 159
1434, 159
1439, 159
1445, 159
1456, 159
1465, 159
1464, 159
1473, 159
1462, 159
1450, 159
1434, 159
1407, 159
1371, 159
1353, 159
1340, 159
1322, 159
1315, 159
1307, 159
1299, 159
1310, 159
1335, 159
1380, 159
1488, 159
1670, 159
1919, 159
2238, 159
2601, 159
2992, 159
3471, 159
3994, 159
3996, 159
3997, 159
3988, 159
3994, 159
3998, 159
4002, 159
3998, 159
4000, 159
3733, 159
3376, 159
3101, 159
2845, 159
2612, 159
2367, 159
2123, 159
1877, 159
1664, 159
1465, 159
1322, 159
1214, 159
1147, 159
1118, 159
1108, 159
1127, 159
1147, 159
1178, 159
1200, 159
1233, 159
1255, 159
1275, 159
1298, 159
1318, 159
1330, 159
1349, 159
1370, 159
1376, 159
1383, 159
1379, 159
1382, 159
1375, 159
1379, 159
1369, 159
1360, 159
1348, 159
1336, 159
1323, 159
1311, 159
1299, 159
1296, 159
1281, 159
1291, 159
1286, 159
1285, 159
1295, 159
1309, 159
1325, 159
1343, 159
1377, 159
1454, 159
1597, 159
1840, 159
2126, 159
2486, 159
2875, 159
3345, 159
3970, 159
3995, 159
4004, 159
4003, 160
3991, 160
4001, 160
4001, 160
3995, 160
4005, 160
4001, 160
3998, 160
4002, 160
4008, 160
3986, 160
3825, 160
3311, 160
2910, 160
2570, 160
2277, 160
2011, 160
1799, 160
1630, 160
1494, 160
1410, 160
1347, 160
1323, 160
1306, 160
1297, 160
1301, 160
1317, 160
1325, 160
1339, 160
1354, 160
1360, 160
1381, 160
1389, 160
1392, 160
1403, 160
1404, 160
1409, 160
1424, 160
1414, 160
1411, 160
1405, 160
1386, 160
1374, 160
1358, 160
1341, 160
1322, 160
1306, 160
1289, 160
1285, 160
1281, 160
1293, 160
1303, 160
1328, 160
1359, 160
1421, 160
1547, 160
1739, 160
2015, 160
2379, 160
2793, 160
3312, 160
3995, 160
4009, 160
3994, 160
4002, 160
3999, 160
4003, 160
4005, 160
3995, 160
4003, 160
4007, 160
4006, 160
4012, 160
3995, 160
4002, 160
3504, 160
3057, 160
2697, 160
2333, 160
1999, 160
1687, 160
1433, 160
1221, 160
1072, 160
965, 160
899, 160
859, 160
859, 160
861, 160
893, 160
938, 160
969, 160
1009, 160
1056, 160
1104, 160
1136, 160
1181, 160
1207, 160
1241, 160
1265, 160
1296, 161
1303, 161
1309, 161
1310, 161
1297, 161
1283, 161
1277, 161
1265, 161
1263, 161
1233, 161
1223, 161
1213, 161
1200, 161
1195, 161
1193, 161
1191, 161
1197, 161
1200, 161
1207, 161
1231, 161
1250, 161
1270, 161
1281, 161
1315, 161
1366, 161
1457, 161
1615, 161
1838, 161
2141, 161
2483, 161
2854, 161
3275, 161
3730, 161
3996, 161
3994, 161
4003, 161
4006, 161
4001, 161
4004, 161
4001, 161
3703, 161
3420, 161
3184, 161
2960, 161
2757, 161
2537, 161
2311, 161
2064, 161
1798, 161
1551, 161
1339, 161
1181, 161
1062, 161
976, 161
952, 161
961, 161
994, 161
1039, 161
1095, 161
1139, 161
1206, 161
1267, 161
1312, 161
1360, 161
1388, 161
1403, 161
1411, 161
1413, 161
1390, 161
1367, 161
1333, 161
1301, 161
1271, 161
1249, 161
1222, 161
1205, 161
1198, 161
1210, 161
1205, 161
1202, 161
1218, 161
1221, 161
1219, 161
1238, 161
1251, 161
1243, 161
1251, 161
1257, 161
1259, 161
1266, 161
1264, 161
1258, 161
1254, 161
1262, 161
1280, 161
1359, 161
1514, 161
1729, 161
2000, 161
2307, 161
2634, 162
2940, 162
3251, 162
3529, 162
3696, 162
3741, 162
3650, 162
3449, 162
3252, 162
3057, 162
2862, 162
2703, 162
2534, 162
2382, 162
2197, 162
2014, 162
1821, 162
1625, 162
1461, 162
1328, 162
1227, 162
1172, 162
1166, 162
1170, 162
1218, 162
1277, 162
1347, 162
1433, 162
1506, 162
1571, 162
1617, 162
1649, 162
1671, 162
1669, 162
1646, 162
1601, 162
1571, 162
1519, 162
1478, 162
1442, 162
1406, 162
1377, 162
1356, 162
1330, 162
1328, 162
1319, 162
1323, 162
1328, 162
1334, 162
1347, 162
1357, 162
1363, 162
1361, 162
1372, 162
1360, 162
1349, 162
1347, 162
1329, 162
1346, 162
1377, 162
1456, 162
1615, 162
1813, 162
2084, 162
2388, 162
2687, 162
2978, 162
3245, 162
3442, 162
3545, 162
3494, 162
3371, 162
3184, 162
2976, 162
2768, 162
2573, 162
2365, 162
2158, 162
1954, 162
1760, 162
1575, 162
1383, 162
1223, 162
1099, 162
1007, 162
975, 162
988, 162
1031, 162
1090, 162
1159, 162
1246, 162
1320, 162
1393, 162
1453, 162
1493, 162
1523, 162
1532, 162
1529, 162
1526, 162
1533, 162
1527, 163
1527, 163
1547, 163
1591, 163
1650, 163
1712, 163
1776, 163
1835, 163
1887, 163
1923, 163
1936, 163
1936, 163
1905, 163
1857, 163
1783, 163
1711, 163
1646, 163
1576, 163
1508, 163
1467, 163
1449, 163
1465, 163
1575, 163
1754, 163
2025, 163
2367, 163
2795, 163
3328, 163
3984, 163
4003, 163
4000, 163
4001, 163
4006, 163
3997, 163
3990, 163
3989, 163
4004, 163
3996, 163
3997, 163
3991, 163
4002, 163
3995, 163
4002, 163
3852, 163
3183, 163
2732, 163
2353, 163
2021, 163
1757, 163
1550, 163
1392, 163
1287, 163
1243, 163
1223, 163
1235, 163
1264, 163
1286, 163
1303, 163
1330, 163
1337, 163
1331, 163
1313, 163
1301, 163
1280, 163
1261, 163
1242, 163
1243, 163
1264, 163
1279, 163
1308, 163
1331, 163
1355, 163
1363, 163
1371, 163
1381, 163
1381, 163
1365, 163
1342, 163
1330, 163
1324, 163
1313, 163
1328, 163
1371, 163
1472, 163
1665, 163
1954, 163
2311, 163
2731, 163
3219, 163
3913, 163
4006, 163
4003, 163
4001, 163
3999, 163
4001, 163
3991, 163
4006, 163
4007, 163
3998, 163
3790, 163
3377, 164
3058, 164
2800, 164
2544, 164
2313, 164
2070, 164
1840, 164
1631, 164
1441, 164
1309, 164
1216, 164
1178, 164
1153, 164
1155, 164
1174, 164
1185, 164
1212, 164
1233, 164
1262, 164
1274, 164
1277, 164
1275, 164
1271, 164
1260, 164
1246, 164
1222, 164
1214, 164
1195, 164
1178, 164
1188, 164
1184, 164
1189, 164
1198, 164
1195, 164
1197, 164
1202, 164
1218, 164
1219, 164
1230, 164
1245, 164
1250, 164
1248, 164
1264, 164
1303, 164
1370, 164
1488, 164
1673, 164
1918, 164
2219, 164
2545, 164
2899, 164
3264, 164
3665, 164
4001, 164
3994, 164
4003, 164
3997, 164
3835, 164
3568, 164
3303, 164
3057, 164
2858, 164
2657, 164
2446, 164
2226, 164
1982, 164
1755, 164
1535, 164
1351, 164
1202, 164
1088, 164
1008, 164
975, 164
977, 164
999, 164
1033, 164
1085, 164
1120, 164
1168, 164
1202, 164
1235, 164
1249, 164
1260, 164
1255, 164
1241, 164
1232, 164
1201, 164
1188, 164
1158, 164
1154, 164
1147, 164
1149, 164
1151, 164
1168, 164
1175, 164
1194, 164
1206, 164
1222, 164
1245, 164
1264, 164
1289, 165
1317, 165
1328, 165
1349, 165
1373, 165
1403, 165
1442, 165
1517, 165
1655, 165
1843, 165
2075, 165
2320, 165
2557, 165
2781, 165
2948, 165
3055, 165
3093, 165
3050, 165
2947, 165
2814, 165
2649, 165
2480, 165
2307, 165
2147, 165
1968, 165
1813, 165
1653, 165
1492, 165
1354, 165
1224, 165
1136, 165
1082, 165
1072, 165
1085, 165
1114, 165
1156, 165
1213, 165
1257, 165
1296, 165
1337, 165
1369, 165
1391, 165
1404, 165
1409, 165
1408, 165
1398, 165
1388, 165
1381, 165
1374, 165
1377, 165
1376, 165
1383, 165
1375, 165
1360, 165
1358, 165
1358, 165
1359, 165
1365, 165
1366, 165
1368, 165
1389, 165
1381, 165
1383, 165
1391, 165
1398, 165
1414, 165
1436, 165
1473, 165
1561, 165
1698, 165
1901, 165
2147, 165
2405, 165
2667, 165
2901, 165
3095, 165
3205, 165
3247, 165
3175, 165
3017, 165
2832, 165
2631, 165
2425, 165
2224, 165
2031, 165
1853, 165
1693, 165
1528, 165
1388, 165
1294, 165
1218, 165
1179, 165
1173, 165
1204, 165
1264, 165
1345, 165
1410, 165
1481, 165
1547, 165
1599, 165
1627, 166
1636, 166
1648, 166
1630, 166
1614, 166
1595, 166
1570, 166
1552, 166
1515, 166
1489, 166
1471, 166
1456, 166
1431, 166
1413, 166
1391, 166
1369, 166
1360, 166
1341, 166
1335, 166
1335, 166
1326, 166
1327, 166
1334, 166
1348, 166
1357, 166
1386, 166
1439, 166
1550, 166
1715, 166
1932, 166
2192, 166
2455, 166
2738, 166
2985, 166
3175, 166
3299, 166
3341, 166
3278, 166
3130, 166
2951, 166
2762, 166
2573, 166
2368, 166
2191, 166
2010, 166
1839, 166
1681, 166
1524, 166
1407, 166
1318, 166
1259, 166
1213, 166
1207, 166
1223, 166
1264, 166
1324, 166
1393, 166
1447, 166
1492, 166
1517, 166
1517, 166
1519, 166
1507, 166
1488, 166
1465, 166
1440, 166
1422, 166
1422, 166
1402, 166
1392, 166
1401, 166
1394, 166
1419, 166
1426, 166
1433, 166
1452, 166
1456, 166
1456, 166
1451, 166
1451, 166
1440, 166
1434, 166
1430, 166
1417, 166
1425, 166
1469, 166
1583, 166
1750, 166
1984, 166
2249, 166
2512, 166
2771, 166
2993, 166
3178, 166
3273, 166
3261, 166
3182, 166
3031, 166
2864, 166
2673, 166
2480, 167
2287, 167
2096, 167
1909, 167
1744, 167
1591, 167
1451, 167
1342, 167
1237, 167
1170, 167
1136, 167
1149, 167
1179, 167
1227, 167
1294, 167
1376, 167
1443, 167
1510, 167
1571, 167
1596, 167
1627, 167
1643, 167
1631, 167
1615, 167
1587, 167
1561, 167
1520, 167
1474, 167
1456, 167
1427, 167
1424, 167
1404, 167
1407, 167
1405, 167
1402, 167
1408, 167
1425, 167
1438, 167
1453, 167
1472, 167
1488, 167
1514, 167
1566, 167
1655, 167
1801, 167
2022, 167
2284, 167
2553, 167
2839, 167
3122, 167
3387, 167
3602, 167
3685, 167
3632, 167
3446, 167
3237, 167
3009, 167
2798, 167
2595, 167
2415, 167
2233, 167
2055, 167
1878, 167
1723, 167
1593, 167
1471, 167
1392, 167
1339, 167
1317, 167
1312, 167
1326, 167
1360, 167
1408, 167
1454, 167
1509, 167
1535, 167
1568, 167
1579, 167
1584, 167
1595, 167
1581, 167
1570, 167
1553, 167
1552, 167
1530, 167
1513, 167
1494, 167
1474, 167
1470, 167
1450, 167
1429, 167
1421, 167
1405, 167
1419, 167
1421, 167
1441, 167
1471, 167
1515, 167
1598, 167
1737, 167
1936, 168
2190, 168
2475, 168
2778, 168
3107, 168
3460, 168
3810, 168
3990, 168
3999, 168
3997, 168
3769, 168
3479, 168
3223, 168
2971, 168
2765, 168
2555, 168
2379, 168
2197, 168
2013, 168
1841, 168
1697, 168
1570, 168
1468, 168
1419, 168
1402, 168
1409, 168
1453, 168
1519, 168
1584, 168
1648, 168
1695, 168
1730, 168
1731, 168
1729, 168
1722, 168
1696, 168
1670, 168
1647, 168
1621, 168
1588, 168
1552, 168
1515, 168
1488, 168
1484, 168
1490, 168
1491, 168
1479, 168
1473, 168
1471, 168
1477, 168
1486, 168
1491, 168
1531, 168
1626, 168
1776, 168
1984, 168
2256, 168
2559, 168
2887, 168
3238, 168
3648, 168
3994, 168
3985, 168
4011, 168
3985, 168
3994, 168
3872, 168
3573, 168
3322, 168
3094, 168
2896, 168
2693, 168
2471, 168
2249, 168
2017, 168
1801, 168
1612, 168
1453, 168
1338, 168
1267, 168
1248, 168
1249, 168
1264, 168
1316, 168
1365, 168
1422, 168
1474, 168
1515, 168
1557, 168
1573, 168
1593, 168
1597, 168
1577, 168
1554, 168
1520, 168
1478, 168
1457, 168
1433, 168
1406, 168
1382, 168
1373, 169
1353, 169
1341, 169
1339, 169
1345, 169
1378, 169
1446, 169
1583, 169
1774, 169
2034, 169
2355, 169
2715, 169
3090, 169
3549, 169
3989, 169
3999, 169
4003, 169
3987, 169
3989, 169
3888, 169
3527, 169
3218, 169
2950, 169
2721, 169
2485, 169
2262, 169
2035, 169
1835, 169
1639, 169
1478, 169
1359, 169
1253, 169
1207, 169
1197, 169
1207, 169
1241, 169
1287, 169
1327, 169
1357, 169
1379, 169
1395, 169
1422, 169
1443, 169
1455, 169
1445, 169
1434, 169
1429, 169
1415, 169
1394, 169
1395, 169
1385, 169
1395, 169
1415, 169
1424, 169
1413, 169
1410, 169
1393, 169
1392, 169
1395, 169
1401, 169
1443, 169
1558, 169
1713, 169
1947, 169
2229, 169
2537, 169
2839, 169
3159, 169
3482, 169
3701, 169
3828, 169
3788, 169
3673, 169
3466, 169
3229, 169
3015, 169
2819, 169
2624, 169
2430, 169
2220, 169
1988, 169
1786, 169
1590, 169
1425, 169
1298, 169
1216, 169
1181, 169
1177, 169
1203, 169
1254, 169
1312, 169
1389, 169
1441, 169
1511, 169
1570, 169
1616, 169
1659, 169
1681, 169
1693, 169
1686, 169
1654, 170
1637, 170
1600, 170
1568, 170
1529, 170
1514, 170
1474, 170
1443, 170
1410, 170
1385, 170
1360, 170
1358, 170
1364, 170
1381, 170
1395, 170
1435, 170
1519, 170
1680, 170
1907, 170
2215, 170
2587, 170
2991, 170
3507, 170
3995, 170
4002, 170
4007, 170
4000, 170
4002, 170
4014, 170
3999, 170
4010, 170
3998, 170
3859, 170
3488, 170
3185, 170
2915, 170
2658, 170
2384, 170
2138, 170
1905, 170
1702, 170
1531, 170
1414, 170
1337, 170
1308, 170
1292, 170
1308, 170
1332, 170
1334, 170
1360, 170
1383, 170
1394, 170
1407, 170
1422, 170
1422, 170
1424, 170
1411, 170
1415, 170
1425, 170
1418, 170
1409, 170
1407, 170
1379, 170
1353, 170
1327, 170
1298, 170
1269, 170
1253, 170
1238, 170
1232, 170
1225, 170
1226, 170
1233, 170
1296, 170
1386, 170
1566, 170
1827, 170
2149, 170
2535, 170
2973, 170
3507, 170
4007, 170
3992, 170
3989, 170
4015, 170
4000, 170
3991, 170
3999, 170
3998, 170
4003, 170
3999, 170
3829, 170
3378, 170
3007, 170
2682, 170
2368, 170
2062, 170
1788, 170
1518, 170
1316, 170
1166, 171
1061, 171
1000, 171
995, 171
1002, 171
1043, 171
1085, 171
1124, 171
1151, 171
1199, 171
1232, 171
1246, 171
1275, 171
1296, 171
1319, 171
1338, 171
1365, 171
1362, 171
1382, 171
1397, 171
1401, 171
1398, 171
1405, 171
1393, 171
1377, 171
1363, 171
1364, 171
1360, 171
1346, 171
1334, 171
1321, 171
1333, 171
1308, 171
1307, 171
1303, 171
1299, 171
1323, 171
1377, 171
1479, 171
1650, 171
1919, 171
2267, 171
2656, 171
3106, 171
3699, 171
3993, 171
4012, 171
3995, 171
4010, 171
3998, 171
3999, 171
3990, 171
4001, 171
3998, 171
3999, 171
3903, 171
3485, 171
3095, 171
2755, 171
2425, 171
2113, 171
1826, 171
1566, 171
1347, 171
1182, 171
1072, 171
1005, 171
977, 171
994, 171
1021, 171
1062, 171
1113, 171
1154, 171
1193, 171
1248, 171
1274, 171
1305, 171
1314, 171
1333, 171
1331, 171
1322, 171
1328, 171
1299, 171
1290, 171
1279, 171
1277, 171
1266, 171
1264, 171
1249, 171
1243, 171
1254, 171
1239, 171
1238, 171
1243, 171
1231, 171
1233, 171
1227, 171
1227, 171
1233, 171
1237, 171
1246, 172
1245, 172
1266, 172
1303, 172
1393, 172
1535, 172
1744, 172
2035, 172
2362, 172
2722, 172
3090, 172
3523, 172
3952, 172
4008, 172
4014, 172
4000, 172
4001, 172
3814, 172
3507, 172
3232, 172
2986, 172
2789, 172
2579, 172
2382, 172
2169, 172
1939, 172
1722, 172
1513, 172
1351, 172
1244, 172
1164, 172
1121, 172
1129, 172
1157, 172
1200, 172
1264, 172
1328, 172
1389, 172
1451, 172
1508, 172
1562, 172
1600, 172
1623, 172
1639, 172
1626, 172
1616, 172
1590, 172
1558, 172
1514, 172
1470, 172
1435, 172
1404, 172
1373, 172
1357, 172
1355, 172
1339, 172
1327, 172
1328, 172
1337, 172
1328, 172
1334, 172
1331, 172
1317, 172
1318, 172
1329, 172
1317, 172
1333, 172
1329, 172
1344, 172
1359, 172
1403, 172
1492, 172
1648, 172
1875, 172
2169, 172
2523, 172
2917, 172
3397, 172
3979, 172
4006, 172
3991, 172
4002, 172
4005, 172
4007, 172
4006, 172
3998, 172
4005, 172
3991, 172
3839, 172
3483, 172
3185, 172
2893, 172
2621, 172
2345, 172
2065, 172
1792, 172
1571, 172
1363, 172
1218, 172
1120, 172
1077, 173
1067, 173
1077, 173
1117, 173
1171, 173
1235, 173
1297, 173
1358, 173
1413, 173
1453, 173
1472, 173
1475, 173
1489, 173
1471, 173
1456, 173
1425, 173
1393, 173
1361, 173
1328, 173
1281, 173
1264, 173
1253, 173
1245, 173
1237, 173
1245, 173
1262, 173
1271, 173
1279, 173
1301, 173
1306, 173
1323, 173
1332, 173
1337, 173
1347, 173
1341, 173
1344, 173
1337, 173
1373, 173
1443, 173
1584, 173
1780, 173
2025, 173
2323, 173
2624, 173
2915, 173
3182, 173
3408, 173
3504, 173
3467, 173
3354, 173
3184, 173
2989, 173
2811, 173
2631, 173
2462, 173
2318, 173
2159, 173
1984, 173
1815, 173
1655, 173
1488, 173
1338, 173
1216, 173
1118, 173
1040, 173
983, 173
983, 173
992, 173
1040, 173
1087, 173
1126, 173
1193, 173
1253, 173
1294, 173
1347, 173
1381, 173
1401, 173
1413, 173
1422, 173
1423, 173
1424, 173
1424, 173
1411, 173
1399, 173
1382, 173
1366, 173
1335, 173
1306, 173
1277, 173
1260, 173
1242, 173
1238, 173
1219, 173
1222, 173
1232, 173
1239, 173
1255, 173
1273, 173
1280, 173
1308, 173
1341, 174
1398, 174
1498, 174
1661, 174
1872, 174
2131, 174
2421, 174
2691, 174
2934, 174
3170, 174
3306, 174
3343, 174
3270, 174
3155, 174
2979, 174
2801, 174
2623, 174
2444, 174
2281, 174
2121, 174
1962, 174
1810, 174
1662, 174
1504, 174
1383, 174
1277, 174
1213, 174
1189, 174
1182, 174
1212, 174
1239, 174
1282, 174
1331, 174
1382, 174
1417, 174
1434, 174
1451, 174
1449, 174
1440, 174
1435, 174
1425, 174
1411, 174
1381, 174
1360, 174
1352, 174
1328, 174
1322, 174
1311, 174
1300, 174
1294, 174
1285, 174
1278, 174
1269, 174
1267, 174
1265, 174
1271, 174
1268, 174
1291, 174
1291, 174
1307, 174
1325, 174
1360, 174
1425, 174
1554, 174
1737, 174
1982, 174
2279, 174
2609, 174
2923, 174
3253, 174
3583, 174
3829, 174
3952, 174
3915, 174
3728, 174
3468, 174
3203, 174
2999, 174
2800, 174
2607, 174
2422, 174
2256, 174
2084, 174
1904, 174
1744, 174
1584, 174
1459, 174
1371, 174
1308, 174
1287, 174
1296, 174
1311, 174
1337, 174
1371, 174
1401, 174
1422, 174
1445, 174
1443, 174
1439, 174
1446, 174
1417, 175
1416, 175
1410, 175
1399, 175
1395, 175
1399, 175
1411, 175
1408, 175
1406, 175
1414, 175
1395, 175
1407, 175
1383, 175
1369, 175
1353, 175
1342, 175
1331, 175
1325, 175
1317, 175
1328, 175
1339, 175
1404, 175
1502, 175
1673, 175
1917, 175
2208, 175
2519, 175
2851, 175
3199, 175
3536, 175
3824, 175
3987, 175
3952, 175
3775, 175
3501, 175
3222, 175
2977, 175
2746, 175
2521, 175
2315, 175
2127, 175
1941, 175
1767, 175
1600, 175
1439, 175
1323, 175
1218, 175
1165, 175
1158, 175
1170, 175
1217, 175
1277, 175
1344, 175
1394, 175
1433, 175
1469, 175
1488, 175
1507, 175
1497, 175
1482, 175
1457, 175
1435, 175
1411, 175
1393, 175
1381, 175
1362, 175
1344, 175
1339, 175
1334, 175
1335, 175
1345, 175
1352, 175
1370, 175
1392, 175
1382, 175
1389, 175
1387, 175
1389, 175
1379, 175
1377, 175
1397, 175
1457, 175
1586, 175
1790, 175
2046, 175
2351, 175
2663, 175
2958, 175
3259, 175
3525, 175
3695, 175
3738, 175
3611, 175
3427, 175
3213, 175
2992, 175
2800, 175
2609, 175
2434, 175
2253, 175
2064, 176
1872, 176
1682, 176
1517, 176
1378, 176
1264, 176
1194, 176
1154, 176
1158, 176
1184, 176
1232, 176
1303, 176
1367, 176
1434, 176
1487, 176
1526, 176
1568, 176
1579, 176
1573, 176
1568, 176
1546, 176
1520, 176
1489, 176
1455, 176
1421, 176
1380, 176
1347, 176
1328, 176
1301, 176
1299, 176
1303, 176
1321, 176
1329, 176
1338, 176
1357, 176
1356, 176
1376, 176
1378, 176
1394, 176
1414, 176
1441, 176
1512, 176
1642, 176
1831, 176
2096, 176
2394, 176
2718, 176
3054, 176
3389, 176
3702, 176
3902, 176
3926, 176
3841, 176
3617, 176
3362, 176
3107, 176
2869, 176
2663, 176
2455, 176
2269, 176
2078, 176
1874, 176
1680, 176
1490, 176
1346, 176
1219, 176
1148, 176
1110, 176
1109, 176
1136, 176
1190, 176
1246, 176
1307, 176
1371, 176
1422, 176
1458, 176
1482, 176
1492, 176
1487, 176
1488, 176
1481, 176
1467, 176
1431, 176
1417, 176
1414, 176
1403, 176
1396, 176
1388, 176
1381, 176
1376, 176
1380, 176
1386, 176
1381, 176
1389, 176
1379, 176
1383, 176
1383, 176
1370, 176
1375, 176
1377, 176
1414, 177
1468, 177
1589, 177
1763, 177
2003, 177
2295, 177
2613, 177
2917, 177
3223, 177
3504, 177
3701, 177
3745, 177
3661, 177
3471, 177
3235, 177
3009, 177
2794, 177
2607, 177
2412, 177
2227, 177
2065, 177
1883, 177
1729, 177
1584, 177
1442, 177
1347, 177
1282, 177
1258, 177
1263, 177
1301, 177
1361, 177
1424, 177
1482, 177
1533, 177
1584, 177
1603, 177
1621, 177
1638, 177
1640, 177
1631, 177
1624, 177
1601, 177
1563, 177
1551, 177
1533, 177
1515, 177
1495, 177
1478, 177
1469, 177
1457, 177
1440, 177
1424, 177
1398, 177
1375, 177
1351, 177
1334, 177
1307, 177
1296, 177
1293, 177
1322, 177
1343, 177
1429, 177
1567, 177
1782, 177
2059, 177
2358, 177
2666, 177
2979, 177
3290, 177
3578, 177
3771, 177
3835, 177
3772, 177
3594, 177
3377, 177
3173, 177
2994, 177
2829, 177
2678, 177
2530, 177
2367, 177
2207, 177
2033, 177
1867, 177
1727, 177
1600, 177
1492, 177
1434, 177
1407, 177
1421, 177
1439, 177
1478, 177
1519, 177
1575, 177
1598, 177
1615, 177
1621, 177
1616, 177
1590, 177
1574, 177
1552, 178
1524, 178
1510, 178
1479, 178
1461, 178
1439, 178
1415, 178
1397, 178
1386, 178
1383, 178
1365, 178
1347, 178
1332, 178
1326, 178
1313, 178
1306, 178
1305, 178
1301, 178
1326, 178
1350, 178
1419, 178
1550, 178
1737, 178
1997, 178
2317, 178
2645, 178
2992, 178
3337, 178
3662, 178
3908, 178
3958, 178
3850, 178
3653, 178
3386, 178
3125, 178
2890, 178
2672, 178
2465, 178
2261, 178
2062, 178
1858, 178
1669, 178
1478, 178
1339, 178
1237, 178
1168, 178
1136, 178
1152, 178
1178, 178
1232, 178
1285, 178
1345, 178
1409, 178
1456, 178
1488, 178
1517, 178
1531, 178
1530, 178
1530, 178
1524, 178
1511, 178
1495, 178
1482, 178
1467, 178
1456, 178
1450, 178
1424, 178
1424, 178
1414, 178
1409, 178
1411, 178
1424, 178
1411, 178
1408, 178
1413, 178
1409, 178
1435, 178
1463, 178
1545, 178
1682, 178
1889, 178
2153, 178
2455, 178
2767, 178
3120, 178
3503, 178
3875, 178
4002, 178
3999, 178
3994, 178
3893, 178
3626, 178
3320, 178
3071, 178
2846, 178
2631, 178
2405, 178
2179, 178
1952, 178
1743, 178
1558, 179
1398, 179
1285, 179
1215, 179
1198, 179
1216, 179
1262, 179
1314, 179
1375, 179
1430, 179
1468, 179
1495, 179
1509, 179
1519, 179
1524, 179
1510, 179
1479, 179
1449, 179
1424, 179
1411, 179
1403, 179
1391, 179
1369, 179
1354, 179
1345, 179
1338, 179
1356, 179
1360, 179
1359, 179
1350, 179
1344, 179
1328, 179
1343, 179
1378, 179
1454, 179
1553, 179
1717, 179
1936, 179
2205, 179
2515, 179
2850, 179
3209, 179
3615, 179
3973, 179
3997, 179
3999, 179
3984, 179
3935, 179
3648, 179
3382, 179
3123, 179
2896, 179
2693, 179
2499, 179
2295, 179
2099, 179
1898, 179
1703, 179
1543, 179
1402, 179
1316, 179
1263, 179
1248, 179
1260, 179
1281, 179
1328, 179
1361, 179
1397, 179
1441, 179
1454, 179
1473, 179
1477, 179
1479, 179
1488, 179
1486, 179
1475, 179
1457, 179
1425, 179
1410, 179
1391, 179
1375, 179
1360, 179
1351, 179
1334, 179
1328, 179
1322, 179
1316, 179
1296, 179
1296, 179
1293, 179
1309, 179
1339, 179
1421, 179
1552, 179
1761, 179
2026, 179
2338, 179
2681, 179
3039, 179
3429, 179
3854, 180
4001, 180
3991, 180
4009, 180
3971, 180
3977, 180
3663, 180
3374, 180
3152, 180
2923, 180
2724, 180
2516, 180
2312, 180
2094, 180
1889, 180
1687, 180
1519, 180
1389, 180
1296, 180
1244, 180
1218, 180
1232, 180
1264, 180
1306, 180
1357, 180
1395, 180
1431, 180
1476, 180
1492, 180
1505, 180
1506, 180
1505, 180
1495, 180
1488, 180
1456, 180
1435, 180
1410, 180
1391, 180
1382, 180
1371, 180
1363, 180
1360, 180
1344, 180
1351, 180
1342, 180
1339, 180
1321, 180
1308, 180
1296, 180
1295, 180
1307, 180
1330, 180
1372, 180
1455, 180
1602, 180
1831, 180
2134, 180
2480, 180
2862, 180
3281, 180
3775, 180
3997, 180
4001, 180
3995, 180
4015, 180
4008, 180
3997, 180
4004, 180
3885, 180
3534, 180
3231, 180
2951, 180
2704, 180
2455, 180
2197, 180
1952, 180
1718, 180
1529, 180
1375, 180
1255, 180
1195, 180
1156, 180
1165, 180
1189, 180
1232, 180
1273, 180
1326, 180
1361, 180
1401, 180
1427, 180
1447, 180
1467, 180
1469, 180
1456, 180
1450, 180
1444, 180
1434, 180
1427, 180
1421, 180
1392, 180
1375, 181
1361, 181
1346, 181
1342, 181
1341, 181
1328, 181
1316, 181
1311, 181
1303, 181
1295, 181
1296, 181
1296, 181
1298, 181
1309, 181
1325, 181
1365, 181
1454, 181
1607, 181
1833, 181
2118, 181
2473, 181
2848, 181
3281, 181
3786, 181
4001, 181
4001, 181
4016, 181
3998, 181
3997, 181
4003, 181
3998, 181
3815, 181
3472, 181
3186, 181
2942, 181
2679, 181
2416, 181
2160, 181
1898, 181
1667, 181
1465, 181
1309, 181
1216, 181
1149, 181
1126, 181
1139, 181
1173, 181
1215, 181
1273, 181
1310, 181
1353, 181
1397, 181
1423, 181
1437, 181
1440, 181
1439, 181
1433, 181
1424, 181
1409, 181
1398, 181
1392, 181
1370, 181
1366, 181
1360, 181
1360, 181
1344, 181
1331, 181
1328, 181
1326, 181
1337, 181
1333, 181
1323, 181
1327, 181
1317, 181
1310, 181
1314, 181
1307, 181
1296, 181
1291, 181
1279, 181
1281, 181
1296, 181
1306, 181
1355, 181
1418, 181
1527, 181
1744, 181
2015, 181
2353, 181
2731, 181
3155, 181
3722, 181
3993, 181
3990, 181
4001, 181
3993, 181
3989, 181
4001, 181
3998, 181
4003, 181
3896, 182
3529, 182
3213, 182
2945, 182
2677, 182
2403, 182
2154, 182
1891, 182
1654, 182
1458, 182
1318, 182
1218, 182
1168, 182
1139, 182
1153, 182
1176, 182
1217, 182
1263, 182
1296, 182
1345, 182
1377, 182
1389, 182
1424, 182
1433, 182
1442, 182
1441, 182
1428, 182
1409, 182
1401, 182
1365, 182
1360, 182
1350, 182
1337, 182
1322, 182
1310, 182
1315, 182
1322, 182
1326, 182
1321, 182
1337, 182
1334, 182
1355, 182
1359, 182
1353, 182
1340, 182
1339, 182
1328, 182
1315, 182
1312, 182
1312, 182
1324, 182
1329, 182
1341, 182
1372, 182
1405, 182
1474, 182
1606, 182
1825, 182
2097, 182
2422, 182
2786, 182
3168, 182
3643, 182
4002, 182
3991, 182
3993, 182
3986, 182
3997, 182
3999, 182
3828, 182
3484, 182
3184, 182
2938, 182
2715, 182
2497, 182
2288, 182
2078, 182
1861, 182
1648, 182
1472, 182
1329, 182
1261, 182
1200, 182
1188, 182
1207, 182
1237, 182
1281, 182
1344, 182
1376, 182
1406, 182
1441, 182
1469, 182
1482, 182
1489, 182
1481, 182
1470, 182
1458, 182
1429, 182
1411, 182
1392, 182
1359, 183
1338, 183
1341, 183
1328, 183
1327, 183
1333, 183
1329, 183
1323, 183
1323, 183
1321, 183
1328, 183
1328, 183
1322, 183
1327, 183
1315, 183
1317, 183
1311, 183
1307, 183
1313, 183
1323, 183
1329, 183
1360, 183
1422, 183
1551, 183
1738, 183
1984, 183
2290, 183
2625, 183
2971, 183
3355, 183
3755, 183
3986, 183
4000, 183
4011, 183
3993, 183
3698, 183
3381, 183
3135, 183
2895, 183
2688, 183
2480, 183
2285, 183
2089, 183
1872, 183
1682, 183
1513, 183
1375, 183
1265, 183
1207, 183
1182, 183
1186, 183
1231, 183
1269, 183
1331, 183
1383, 183
1425, 183
1460, 183
1493, 183
1510, 183
1524, 183
1523, 183
1507, 183
1493, 183
1474, 183
1449, 183
1426, 183
1403, 183
1391, 183
1363, 183
1360, 183
1360, 183
1359, 183
1346, 183
1343, 183
1341, 183
1336, 183
1333, 183
1328, 183
1344, 183
1339, 183
1344, 183
1342, 183
1341, 183
1349, 183
1360, 183
1353, 183
1353, 183
1350, 183
1355, 183
1377, 183
1435, 183
1552, 183
1735, 183
1984, 183
2288, 183
2626, 183
2981, 183
3389, 183
3836, 183
4002, 183
3997, 184
4001, 184
3995, 184
3831, 184
3502, 184
3211, 184
2962, 184
2754, 184
2538, 184
2326, 184
2122, 184
1919, 184
1728, 184
1552, 184
1403, 184
1309, 184
1245, 184
1217, 184
1210, 184
1246, 184
1285, 184
1339, 184
1394, 184
1446, 184
1489, 184
1520, 184
1545, 184
1563, 184
1567, 184
1553, 184
1525, 184
1507, 184
1484, 184
1443, 184
1422, 184
1393, 184
1379, 184
1372, 184
1349, 184
1344, 184
1337, 184
1337, 184
1333, 184
1339, 184
1355, 184
1350, 184
1363, 184
1367, 184
1371, 184
1361, 184
1371, 184
1364, 184
1366, 184
1360, 184
1354, 184
1349, 184
1339, 184
1338, 184
1341, 184
1346, 184
1361, 184
1390, 184
1445, 184
1552, 184
1726, 184
1965, 184
2273, 184
2608, 184
2961, 184
3344, 184
3769, 184
3984, 184
3995, 184
3994, 184
3989, 184
3711, 184
3422, 184
3145, 184
2899, 184
2688, 184
2480, 184
2288, 184
2096, 184
1914, 184
1746, 184
1584, 184
1441, 184
1340, 184
1270, 184
1252, 184
1263, 184
1295, 184
1334, 184
1378, 184
1424, 184
1469, 184
1491, 184
1516, 184
1525, 184
1534, 184
1532, 185
1526, 185
1516, 185
1495, 185
1469, 185
1447, 185
1430, 185
1395, 185
1377, 185
1363, 185
1360, 185
1360, 185
1353, 185
1350, 185
1355, 185
1367, 185
1381, 185
1385, 185
1383, 185
1373, 185
1375, 185
1359, 185
1357, 185
1347, 185
1344, 185
1353, 185
1351, 185
1366, 185
1391, 185
1411, 185
1453, 185
1535, 185
1703, 185
1934, 185
2210, 185
2515, 185
2829, 185
3134, 185
3458, 185
3733, 185
3854, 185
3829, 185
3670, 185
3445, 185
3189, 185
2977, 185
2768, 185
2576, 185
2391, 185
2224, 185
2058, 185
1878, 185
1719, 185
1569, 185
1453, 185
1349, 185
1296, 185
1281, 185
1286, 185
1317, 185
1359, 185
1407, 185
1445, 185
1498, 185
1535, 185
1552, 185
1568, 185
1564, 185
1553, 185
1535, 185
1507, 185
1470, 185
1454, 185
1428, 185
1393, 185
1375, 185
1363, 185
1358, 185
1361, 185
1363, 185
1360, 185
1361, 185
1370, 185
1367, 185
1372, 185
1376, 185
1392, 185
1393, 185
1385, 185
1375, 185
1380, 185
1376, 185
1375, 185
1385, 185
1397, 185
1421, 185
1441, 185
1493, 185
1584, 185
1765, 185
2000, 186
2286, 186
2591, 186
2906, 186
3231, 186
3547, 186
3803, 186
3901, 186
3835, 186
3664, 186
3415, 186
3157, 186
2951, 186
2743, 186
2559, 186
2375, 186
2199, 186
2025, 186
1869, 186
1712, 186
1574, 186
1449, 186
1363, 186
1317, 186
1307, 186
1310, 186
1345, 186
1401, 186
1446, 186
1498, 186
1525, 186
1566, 186
1584, 186
1601, 186
1597, 186
1581, 186
1562, 186
1535, 186
1504, 186
1488, 186
1472, 186
1456, 186
1430, 186
1422, 186
1407, 186
1408, 186
1413, 186
1399, 186
1401, 186
1401, 186
1404, 186
1406, 186
1406, 186
1401, 186
1392, 186
1393, 186
1391, 186
1391, 186
1409, 186
1419, 186
1423, 186
1463, 186
1554, 186
1693, 186
1895, 186
2137, 186
2425, 186
2721, 186
3004, 186
3278, 186
3483, 186
3583, 186
3583, 186
3458, 186
3258, 186
3031, 186
2833, 186
2645, 186
2451, 186
2275, 186
2111, 186
1950, 186
1803, 186
1655, 186
1533, 186
1442, 186
1396, 186
1395, 186
1413, 186
1461, 186
1520, 186
1606, 186
1673, 186
1745, 186
1799, 186
1862, 186
1877, 186
1904, 186
1917, 186
1904, 186
1891, 187
1866, 187
1812, 187
1776, 187
1723, 187
1671, 187
1621, 187
1587, 187
1550, 187
1519, 187
1485, 187
1465, 187
1446, 187
1435, 187
1424, 187
1410, 187
1419, 187
1411, 187
1406, 187
1411, 187
1413, 187
1445, 187
1469, 187
1547, 187
1679, 187
1877, 187
2137, 187
2448, 187
2807, 187
3223, 187
3726, 187
3989, 187
3999, 187
3985, 187
3984, 187
3997, 187
3995, 187
3998, 187
3964, 187
3570, 187
3248, 187
2987, 187
2743, 187
2503, 187
2259, 187
2031, 187
1822, 187
1650, 187
1525, 187
1443, 187
1398, 187
1392, 187
1415, 187
1456, 187
1491, 187
1518, 187
1562, 187
1599, 187
1616, 187
1623, 187
1638, 187
1632, 187
1628, 187
1617, 187
1604, 187
1584, 187
1558, 187
1534, 187
1511, 187
1486, 187
1467, 187
1438, 187
1413, 187
1392, 187
1370, 187
1358, 187
1337, 187
1328, 187
1312, 187
1312, 187
1308, 187
1328, 187
1360, 187
1436, 187
1594, 187
1838, 187
2137, 187
2482, 187
2875, 187
3295, 187
3840, 187
4005, 187
3994, 187
3989, 187
3985, 187
3990, 187
4002, 187
4000, 187
4004, 187
3691, 187
3382, 188
3128, 188
2887, 188
2641, 188
2412, 188
2176, 188
1968, 188
1781, 188
1636, 188
1520, 188
1463, 188
1434, 188
1425, 188
1443, 188
1483, 188
1514, 188
1547, 188
1578, 188
1573, 188
1582, 188
1569, 188
1552, 188
1535, 188
1509, 188
1483, 188
1457, 188
1431, 188
1421, 188
1397, 188
1387, 188
1371, 188
1356, 188
1353, 188
1327, 188
1322, 188
1307, 188
1295, 188
1290, 188
1275, 188
1282, 188
1283, 188
1285, 188
1298, 188
1328, 188
1397, 188
1515, 188
1703, 188
1951, 188
2275, 188
2638, 188
3018, 188
3472, 188
3999, 188
3989, 188
4000, 188
3994, 188
4001, 188
3987, 188
3994, 188
3888, 188
3503, 188
3200, 188
2942, 188
2709, 188
2467, 188
2224, 188
1980, 188
1767, 188
1578, 188
1407, 188
1287, 188
1204, 188
1169, 188
1168, 188
1191, 188
1219, 188
1265, 188
1328, 188
1360, 188
1410, 188
1425, 188
1444, 188
1456, 188
1457, 188
1454, 188
1433, 188
1424, 188
1399, 188
1387, 188
1360, 188
1342, 188
1323, 188
1318, 188
1302, 188
1303, 188
1303, 188
1302, 188
1303, 188
1303, 188
1303, 188
1313, 189
1310, 189
1312, 189
1301, 189
1305, 189
1308, 189
1328, 189
1340, 189
1385, 189
1469, 189
1611, 189
1830, 189
2124, 189
2443, 189
2798, 189
3190, 189
3637, 189
4006, 189
3999, 189
3997, 189
4003, 189
4007, 189
4011, 189
3645, 189
3328, 189
3058, 189
2817, 189
2590, 189
2369, 189
2133, 189
1913, 189
1698, 189
1505, 189
1365, 189
1267, 189
1200, 189
1179, 189
1183, 189
1210, 189
1233, 189
1280, 189
1313, 189
1347, 189
1382, 189
1408, 189
1427, 189
1436, 189
1439, 189
1439, 189
1430, 189
1424, 189
1408, 189
1398, 189
1379, 189
1371, 189
1365, 189
1357, 189
1345, 189
1328, 189
1317, 189
1316, 189
1298, 189
1287, 189
1264, 189
1255, 189
1258, 189
1269, 189
1280, 189
1280, 189
1301, 189
1318, 189
1351, 189
1406, 189
1515, 189
1691, 189
1931, 189
2231, 189
2547, 189
2877, 189
3218, 189
3600, 189
3896, 189
3990, 189
4005, 189
3893, 189
3658, 189
3356, 189
3110, 189
2880, 189
2687, 189
2489, 189
2282, 189
2082, 189
1878, 189
1689, 189
1519, 189
1375, 189
1271, 189
1217, 189
1202, 189
1227, 190
1280, 190
1328, 190
1386, 190
1436, 190
1488, 190
1533, 190
1567, 190
1569, 190
1559, 190
1535, 190
1519, 190
1492, 190
1478, 190
1443, 190
1406, 190
1391, 190
1361, 190
1334, 190
1316, 190
1303, 190
1295, 190
1293, 190
1287, 190
1292, 190
1287, 190
1296, 190
1301, 190
1302, 190
1312, 190
1327, 190
1373, 190
1454, 190
1597, 190
1803, 190
2065, 190
2381, 190
2725, 190
3088, 190
3461, 190
3835, 190
3999, 190
3998, 190
3999, 190
3988, 190
3658, 190
3335, 190
3071, 190
2848, 190
2631, 190
2417, 190
2208, 190
1999, 190
1797, 190
1598, 190
1429, 190
1306, 190
1243, 190
1210, 190
1204, 190
1232, 190
1273, 190
1328, 190
1370, 190
1415, 190
1450, 190
1472, 190
1479, 190
1478, 190
1484, 190
1463, 190
1466, 190
1442, 190
1429, 190
1420, 190
1407, 190
1383, 190
1364, 190
1347, 190
1335, 190
1325, 190
1309, 190
1311, 190
1295, 190
1281, 190
1282, 190
1277, 190
1269, 190
1271, 190
1293, 190
1333, 190
1427, 190
1590, 190
1818, 190
2115, 190
2467, 190
2860, 190
3261, 190
3790, 190
3996, 190
4003, 191
4005, 191
4013, 191
4001, 191
4007, 191
3913, 191
3567, 191
3258, 191
2994, 191
2797, 191
2571, 191
2342, 191
2103, 191
1872, 191
1666, 191
1499, 191
1360, 191
1274, 191
1219, 191
1200, 191
1200, 191
1226, 191
1248, 191
1290, 191
1329, 191
1369, 191
1408, 191
1433, 191
1456, 191
1457, 191
1457, 191
1456, 191
1442, 191
1424, 191
1401, 191
1390, 191
1375, 191
1353, 191
1335, 191
1310, 191
1296, 191
1281, 191
1259, 191
1245, 191
1238, 191
1238, 191
1230, 191
1232, 191
1247, 191
1264, 191
1290, 191
1337, 191
1408, 191
1551, 191
1755, 191
2032, 191
2369, 191
2747, 191
3168, 191
3685, 191
4006, 191
4000, 191
3998, 191
4002, 191
3999, 191
3995, 191
3999, 191
4007, 191
3888, 191
3536, 191
3241, 191
2975, 191
2735, 191
2478, 191
2209, 191
1940, 191
1707, 191
1499, 191
1341, 191
1223, 191
1148, 191
1109, 191
1099, 191
1115, 191
1156, 191
1197, 191
1250, 191
1285, 191
1327, 191
1360, 191
1379, 191
1388, 191
1389, 191
1383, 191
1376, 191
1370, 191
1364, 191
1331, 191
1310, 191
1299, 191
1300, 192
1291, 192
1293, 192
1298, 192
1303, 192
1306, 192
1299, 192
1306, 192
1298, 192
1296, 192
1293, 192
1279, 192
1278, 192
1274, 192
1271, 192
1277, 192
1283, 192
1305, 192
1360, 192
1485, 192
1675, 192
1947, 192
2290, 192
2672, 192
3103, 192
3661, 192
4003, 192
4001, 192
4001, 192
4003, 192
3995, 192
4000, 192
4002, 192
4002, 192
3999, 192
3690, 192
3361, 192
3088, 192
2821, 192
2550, 192
2289, 192
2030, 192
1782, 192
1574, 192
1390, 192
1257, 192
1171, 192
1118, 192
1103, 192
1103, 192
1126, 192
1168, 192
1200, 192
1231, 192
1256, 192
1281, 192
1297, 192
1322, 192
1335, 192
1347, 192
1351, 192
1335, 192
1333, 192
1332, 192
1322, 192
1328, 192
1328, 192
1323, 192
1319, 192
1316, 192
1322, 192
1315, 192
1317, 192
1311, 192
1306, 192
1296, 192
1283, 192
1279, 192
1262, 192
1259, 192
1251, 192
1263, 192
1264, 192
1271, 192
1296, 192
1311, 192
1354, 192
1425, 192
1572, 192
1793, 192
2082, 192
2432, 192
2815, 192
3219, 192
3728, 192
3999, 192
3999, 192
4004, 192
4000, 192
4001, 192
3991, 193
3994, 193
3724, 193
3408, 193
3132, 193
2882, 193
2658, 193
2427, 193
2192, 193
1953, 193
1731, 193
1535, 193
1369, 193
1263, 193
1188, 193
1153, 193
1149, 193
1169, 193
1201, 193
1237, 193
1264, 193
1297, 193
1330, 193
1355, 193
1372, 193
1377, 193
1372, 193
1369, 193
1365, 193
1357, 193
1336, 193
1323, 193
1317, 193
1325, 193
1328, 193
1335, 193
1334, 193
1335, 193
1325, 193
1315, 193
1311, 193
1297, 193
1294, 193
1288, 193
1275, 193
1275, 193
1279, 193
1283, 193
1280, 193
1302, 193
1307, 193
1323, 193
1350, 193
1399, 193
1503, 193
1667, 193
1886, 193
2183, 193
2498, 193
2858, 193
3229, 193
3659, 193
3995, 193
4007, 193
4003, 193
4006, 193
4006, 193
3834, 193
3524, 193
3261, 193
3030, 193
2822, 193
2627, 193
2416, 193
2213, 193
2007, 193
1799, 193
1611, 193
1442, 193
1310, 193
1226, 193
1159, 193
1152, 193
1155, 193
1191, 193
1228, 193
1268, 193
1309, 193
1351, 193
1381, 193
1410, 193
1420, 193
1421, 193
1410, 193
1393, 193
1380, 193
1365, 193
1358, 193
1339, 193
1320, 193
1311, 194
1296, 194
1294, 194
1266, 194
1249, 194
1248, 194
1253, 194
1261, 194
1269, 194
1273, 194
1270, 194
1267, 194
1253, 194
1253, 194
1265, 194
1287, 194
1287, 194
1282, 194
1298, 194
1325, 194
1376, 194
1492, 194
1674, 194
1919, 194
2206, 194
2529, 194
2842, 194
3157, 194
3467, 194
3694, 194
3785, 194
3742, 194
3583, 194
3360, 194
3153, 194
2939, 194
2757, 194
2571, 194
2391, 194
2218, 194
2031, 194
1852, 194
1664, 194
1488, 194
1359, 194
1235, 194
1169, 194
1149, 194
1142, 194
1177, 194
1222, 194
1278, 194
1342, 194
1406, 194
1467, 194
1504, 194
1547, 194
1558, 194
1565, 194
1562, 194
1546, 194
1521, 194
1501, 194
1468, 194
1449, 194
1431, 194
1408, 194
1401, 194
1392, 194
1376, 194
1375, 194
1375, 194
1369, 194
1362, 194
1375, 194
1376, 194
1375, 194
1385, 194
1376, 194
1379, 194
1377, 194
1393, 194
1424, 194
1484, 194
1607, 194
1792, 194
2053, 194
2342, 194
2655, 194
2961, 194
3281, 194
3627, 194
3862, 194
3952, 194
3900, 194
3694, 194
3463, 194
3212, 194
3004, 194
2801, 194
2608, 195
2411, 195
2223, 195
2013, 195
1808, 195
1621, 195
1463, 195
1347, 195
1278, 195
1243, 195
1249, 195
1279, 195
1328, 195
1385, 195
1437, 195
1488, 195
1530, 195
1557, 195
1573, 195
1569, 195
1569, 195
1549, 195
1521, 195
1489, 195
1463, 195
1425, 195
1398, 195
1385, 195
1358, 195
1359, 195
1344, 195
1330, 195
1323, 195
1326, 195
1323, 195
1318, 195
1317, 195
1315, 195
1321, 195
1338, 195
1347, 195
1360, 195
1408, 195
1505, 195
1681, 195
1904, 195
2192, 195
2503, 195
2860, 195
3211, 195
3603, 195
3955, 195
3995, 195
3991, 195
4001, 195
4002, 195
3697, 195
3419, 195
3154, 195
2934, 195
2731, 195
2517, 195
2318, 195
2113, 195
1907, 195
1712, 195
1549, 195
1408, 195
1308, 195
1264, 195
1239, 195
1254, 195
1297, 195
1351, 195
1395, 195
1447, 195
1488, 195
1531, 195
1554, 195
1556, 195
1553, 195
1527, 195
1501, 195
1475, 195
1453, 195
1424, 195
1410, 195
1392, 195
1382, 195
1358, 195
1345, 195
1333, 195
1328, 195
1320, 195
1310, 195
1301, 195
1296, 195
1299, 195
1302, 195
1303, 195
1312, 196
1339, 196
1385, 196
1487, 196
1664, 196
1905, 196
2222, 196
2570, 196
2929, 196
3359, 196
3843, 196
4003, 196
3992, 196
4002, 196
4004, 196
3991, 196
3994, 196
3841, 196
3501, 196
3219, 196
2977, 196
2747, 196
2521, 196
2299, 196
2078, 196
1841, 196
1651, 196
1488, 196
1365, 196
1280, 196
1251, 196
1253, 196
1267, 196
1305, 196
1349, 196
1397, 196
1448, 196
1477, 196
1495, 196
1509, 196
1503, 196
1510, 196
1491, 196
1487, 196
1472, 196
1456, 196
1438, 196
1421, 196
1397, 196
1389, 196
1379, 196
1372, 196
1360, 196
1345, 196
1329, 196
1327, 196
1323, 196
1316, 196
1300, 196
1296, 196
1287, 196
1280, 196
1280, 196
1287, 196
1307, 196
1337, 196
1424, 196
1566, 196
1786, 196
2082, 196
2445, 196
2849, 196
3324, 196
3945, 196
3997, 196
3988, 196
4005, 196
3994, 196
4000, 196
3998, 196
4002, 196
3998, 196
3993, 196
3675, 196
3302, 196
2981, 196
2705, 196
2423, 196
2146, 196
1877, 196
1638, 196
1440, 196
1291, 196
1199, 196
1135, 196
1120, 196
1127, 196
1155, 196
1199, 196
1239, 196
1283, 197
1315, 197
1360, 197
1387, 197
1395, 197
1396, 197
1394, 197
1396, 197
1394, 197
1396, 197
1381, 197
1380, 197
1361, 197
1341, 197
1335, 197
1323, 197
1312, 197
1310, 197
1302, 197
1293, 197
1279, 197
1280, 197
1264, 197
1247, 197
1248, 197
1248, 197
1251, 197
1255, 197
1279, 197
1312, 197
1362, 197
1458, 197
1621, 197
1847, 197
2145, 197
2493, 197
2870, 197
3311, 197
3812, 197
4013, 197
4004, 197
4007, 197
3997, 197
4001, 197
3997, 197
3952, 197
3565, 197
3249, 197
3008, 197
2768, 197
2541, 197
2318, 197
2081, 197
1845, 197
1637, 197
1456, 197
1328, 197
1245, 197
1200, 197
1195, 197
1222, 197
1256, 197
1310, 197
1367, 197
1402, 197
1446, 197
1478, 197
1498, 197
1514, 197
1509, 197
1491, 197
1481, 197
1472, 197
1446, 197
1442, 197
1425, 197
1404, 197
1379, 197
1360, 197
1355, 197
1357, 197
1329, 197
1321, 197
1314, 197
1297, 197
1297, 197
1296, 197
1293, 197
1298, 197
1301, 197
1322, 197
1343, 197
1378, 197
1436, 197
1563, 197
1745, 197
2011, 197
2343, 197
2704, 197
3104, 197
3568, 198
4000, 198
4001, 198
4013, 198
3995, 198
4006, 198
3994, 198
3985, 198
3799, 198
3461, 198
3169, 198
2907, 198
2689, 198
2448, 198
2203, 198
1936, 198
1707, 198
1481, 198
1321, 198
1201, 198
1136, 198
1105, 198
1118, 198
1155, 198
1197, 198
1260, 198
1313, 198
1367, 198
1418, 198
1442, 198
1471, 198
1495, 198
1495, 198
1490, 198
1482, 198
1469, 198
1443, 198
1424, 198
1408, 198
1385, 198
1373, 198
1350, 198
1344, 198
1340, 198
1333, 198
1328, 198
1328, 198
1325, 198
1317, 198
1309, 198
1306, 198
1305, 198
1311, 198
1306, 198
1317, 198
1327, 198
1363, 198
1431, 198
1577, 198
1781, 198
2067, 198
2411, 198
2798, 198
3267, 198
3868, 198
4004, 198
3994, 198
3987, 198
3996, 198
3991, 198
4001, 198
4005, 198
3999, 198
3987, 198
3989, 198
3873, 198
3450, 198
3088, 198
2775, 198
2466, 198
2169, 198
1870, 198
1605, 198
1407, 198
1244, 198
1142, 198
1103, 198
1095, 198
1110, 198
1149, 198
1172, 198
1223, 198
1255, 198
1291, 198
1313, 198
1330, 198
1334, 198
1343, 198
1348, 198
1351, 198
1357, 199
1350, 199
1346, 199
1335, 199
1343, 199
1341, 199
1341, 199
1342, 199
1337, 199
1326, 199
1328, 199
1314, 199
1297, 199
1286, 199
1274, 199
1259, 199
1255, 199
1261, 199
1259, 199
1264, 199
1276, 199
1326, 199
1422, 199
1613, 199
1851, 199
2175, 199
2543, 199
2940, 199
3399, 199
3949, 199
4014, 199
4003, 199
3999, 199
3994, 199
4002, 199
4005, 199
3792, 199
3440, 199
3167, 199
2929, 199
2719, 199
2493, 199
2269, 199
2031, 199
1803, 199
1595, 199
1406, 199
1264, 199
1152, 199
1106, 199
1099, 199
1109, 199
1145, 199
1187, 199
1226, 199
1280, 199
1302, 199
1342, 199
1358, 199
1378, 199
1377, 199
1363, 199
1360, 199
1359, 199
1357, 199
1360, 199
1369, 199
1362, 199
1361, 199
1371, 199
1364, 199
1367, 199
1351, 199
1347, 199
1334, 199
1312, 199
1313, 199
1303, 199
1296, 199
1281, 199
1267, 199
1265, 199
1259, 199
1264, 199
1280, 199
1298, 199
1358, 199
1457, 199
1634, 199
1857, 199
2160, 199
2513, 199
2881, 199
3295, 199
3763, 199
3999, 199
3992, 199
3991, 199
3984, 199
3993, 199
4003, 200
3664, 200
3339, 200
3088, 200
2861, 200
2640, 200
2423, 200
2197, 200
1967, 200
1735, 200
1527, 200
1360, 200
1239, 200
1168, 200
1125, 200
1124, 200
1147, 200
1172, 200
1209, 200
1245, 200
1296, 200
1335, 200
1366, 200
1392, 200
1410, 200
1423, 200
1425, 200
1429, 200
1427, 200
1411, 200
1406, 200
1411, 200
1394, 200
1376, 200
1360, 200
1355, 200
1333, 200
1321, 200
1307, 200
1301, 200
1296, 200
1280, 200
1275, 200
1264, 200
1268, 200
1279, 200
1283, 200
1310, 200
1362, 200
1455, 200
1595, 200
1798, 200
2091, 200
2406, 200
2756, 200
3122, 200
3517, 200
3923, 200
4000, 200
3992, 200
4007, 200
3996, 200
3690, 200
3411, 200
3136, 200
2896, 200
2703, 200
2498, 200
2291, 200
2083, 200
1871, 200
1663, 200
1470, 200
1324, 200
1215, 200
1136, 200
1103, 200
1099, 200
1120, 200
1147, 200
1197, 200
1241, 200
1282, 200
1323, 200
1349, 200
1362, 200
1372, 200
1381, 200
1373, 200
1351, 200
1332, 200
1328, 200
1309, 200
1299, 200
1294, 200
1278, 200
1264, 200
1258, 200
1259, 200
1252, 200
1264, 201
1273, 201
1291, 201
1301, 201
1313, 201
1322, 201
1331, 201
1349, 201
1361, 201
1361, 201
1388, 201
1389, 201
1411, 201
1422, 201
1454, 201
1518, 201
1660, 201
1870, 201
2154, 201
2504, 201
2916, 201
3421, 201
4002, 201
3995, 201
3996, 201
4006, 201
3999, 201
3999, 201
4000, 201
4003, 201
3997, 201
3997, 201
4010, 201
3987, 201
3618, 201
3229, 201
2880, 201
2574, 201
2271, 201
1977, 201
1729, 201
1514, 201
1358, 201
1252, 201
1196, 201
1172, 201
1174, 201
1201, 201
1246, 201
1288, 201
1323, 201
1359, 201
1387, 201
1395, 201
1398, 201
1394, 201
1369, 201
1348, 201
1343, 201
1323, 201
1296, 201
1287, 201
1269, 201
1249, 201
1255, 201
1259, 201
1266, 201
1264, 201
1260, 201
1266, 201
1264, 201
1281, 201
1281, 201
1280, 201
1271, 201
1266, 201
1281, 201
1300, 201
1345, 201
1447, 201
1625, 201
1894, 201
2211, 201
2582, 201
2960, 201
3390, 201
3885, 201
3999, 201
4007, 201
4002, 201
3998, 201
4015, 201
4001, 201
3745, 201
3420, 201
3143, 201
2901, 201
2675, 201
2448, 201
2223, 201
1982, 202
1746, 202
1545, 202
1349, 202
1211, 202
1119, 202
1086, 202
1069, 202
1098, 202
1133, 202
1170, 202
1231, 202
1273, 202
1322, 202
1353, 202
1362, 202
1372, 202
1364, 202
1361, 202
1331, 202
1311, 202
1303, 202
1289, 202
1293, 202
1269, 202
1279, 202
1281, 202
1283, 202
1294, 202
1299, 202
1303, 202
1303, 202
1306, 202
1299, 202
1294, 202
1296, 202
1291, 202
1295, 202
1271, 202
1268, 202
1264, 202
1264, 202
1285, 202
1307, 202
1390, 202
1531, 202
1770, 202
2065, 202
2419, 202
2838, 202
3296, 202
3918, 202
3988, 202
4005, 202
3991, 202
4003, 202
3971, 202
3987, 202
3996, 202
4003, 202
3989, 202
3920, 202
3536, 202
3210, 202
2944, 202
2691, 202
2423, 202
2144, 202
1878, 202
1638, 202
1427, 202
1246, 202
1135, 202
1067, 202
1041, 202
1035, 202
1049, 202
1085, 202
1138, 202
1191, 202
1235, 202
1275, 202
1306, 202
1334, 202
1355, 202
1354, 202
1358, 202
1359, 202
1353, 202
1328, 202
1322, 202
1309, 202
1296, 202
1264, 202
1247, 202
1243, 202
1214, 202
1197, 202
1203, 202
1213, 202
1221, 203
1230, 203
1227, 203
1232, 203
1249, 203
1259, 203
1263, 203
1272, 203
1269, 203
1267, 203
1267, 203
1267, 203
1263, 203
1262, 203
1265, 203
1264, 203
1291, 203
1363, 203
1495, 203
1719, 203
2002, 203
2347, 203
2706, 203
3091, 203
3524, 203
3968, 203
3990, 203
3993, 203
4014, 203
3991, 203
3951, 203
3601, 203
3313, 203
3058, 203
2853, 203
2672, 203
2486, 203
2297, 203
2117, 203
1907, 203
1717, 203
1549, 203
1392, 203
1289, 203
1219, 203
1178, 203
1174, 203
1186, 203
1219, 203
1265, 203
1307, 203
1343, 203
1379, 203
1403, 203
1397, 203
1413, 203
1411, 203
1409, 203
1392, 203
1366, 203
1357, 203
1343, 203
1341, 203
1343, 203
1344, 203
1360, 203
1360, 203
1360, 203
1370, 203
1377, 203
1371, 203
1377, 203
1377, 203
1380, 203
1372, 203
1369, 203
1361, 203
1358, 203
1356, 203
1359, 203
1350, 203
1348, 203
1352, 203
1344, 203
1328, 203
1319, 203
1324, 203
1327, 203
1360, 203
1429, 203
1565, 203
1776, 203
2062, 203
2384, 203
2737, 203
3120, 203
3543, 203
3963, 203
3999, 203
3989, 203
4001, 204
4000, 204
3806, 204
3490, 204
3202, 204
2967, 204
2770, 204
2589, 204
2409, 204
2219, 204
2035, 204
1845, 204
1677, 204
1511, 204
1391, 204
1297, 204
1249, 204
1229, 204
1234, 204
1260, 204
1296, 204
1342, 204
1378, 204
1403, 204
1430, 204
1447, 204
1472, 204
1470, 204
1456, 204
1443, 204
1433, 204
1413, 204
1387, 204
1373, 204
1365, 204
1343, 204
1328, 204
1313, 204
1305, 204
1296, 204
1306, 204
1301, 204
1313, 204
1318, 204
1322, 204
1319, 204
1317, 204
1322, 204
1322, 204
1322, 204
1321, 204
1326, 204
1335, 204
1338, 204
1327, 204
1327, 204
1328, 204
1328, 204
1338, 204
1369, 204
1453, 204
1608, 204
1818, 204
2112, 204
2448, 204
2811, 204
3199, 204
3639, 204
3997, 204
4000, 204
4003, 204
4003, 204
3988, 204
3988, 204
3655, 204
3323, 204
3071, 204
2870, 204
2666, 204
2480, 204
2291, 204
2094, 204
1901, 204
1710, 204
1526, 204
1393, 204
1296, 204
1243, 204
1200, 204
1211, 204
1230, 204
1279, 204
1323, 204
1371, 204
1415, 204
1451, 204
1483, 204
1501, 204
1498, 204
1491, 204
1482, 205
1467, 205
1431, 205
1410, 205
1383, 205
1361, 205
1346, 205
1329, 205
1303, 205
1302, 205
1294, 205
1289, 205
1280, 205
1281, 205
1284, 205
1281, 205
1275, 205
1280, 205
1276, 205
1273, 205
1274, 205
1291, 205
1298, 205
1303, 205
1312, 205
1319, 205
1329, 205
1335, 205
1350, 205
1343, 205
1366, 205
1413, 205
1531, 205
1728, 205
1997, 205
2320, 205
2689, 205
3071, 205
3557, 205
3998, 205
4013, 205
4001, 205
3997, 205
3999, 205
3997, 205
3986, 205
3888, 205
3537, 205
3239, 205
2992, 205
2793, 205
2593, 205
2387, 205
2178, 205
1963, 205
1769, 205
1597, 205
1447, 205
1325, 205
1264, 205
1232, 205
1239, 205
1266, 205
1302, 205
1337, 205
1381, 205
1421, 205
1443, 205
1466, 205
1479, 205
1490, 205
1476, 205
1469, 205
1450, 205
1430, 205
1418, 205
1392, 205
1375, 205
1354, 205
1347, 205
1335, 205
1318, 205
1328, 205
1326, 205
1318, 205
1309, 205
1298, 205
1296, 205
1294, 205
1309, 205
1317, 205
1334, 205
1333, 205
1334, 205
1335, 205
1344, 205
1344, 205
1363, 205
1377, 205
1435, 205
1551, 206
1734, 206
1997, 206
2320, 206
2672, 206
3025, 206
3440, 206
3869, 206
4006, 206
3987, 206
4005, 206
4002, 206
3814, 206
3489, 206
3223, 206
2988, 206
2789, 206
2608, 206
2431, 206
2256, 206
2091, 206
1888, 206
1726, 206
1570, 206
1428, 206
1332, 206
1264, 206
1235, 206
1243, 206
1270, 206
1322, 206
1363, 206
1408, 206
1456, 206
1488, 206
1513, 206
1521, 206
1520, 206
1513, 206
1497, 206
1483, 206
1461, 206
1439, 206
1414, 206
1397, 206
1387, 206
1370, 206
1359, 206
1350, 206
1351, 206
1355, 206
1359, 206
1363, 206
1360, 206
1354, 206
1360, 206
1354, 206
1339, 206
1348, 206
1344, 206
1347, 206
1350, 206
1348, 206
1349, 206
1347, 206
1345, 206
1343, 206
1345, 206
1366, 206
1396, 206
1474, 206
1632, 206
1849, 206
2142, 206
2453, 206
2800, 206
3135, 206
3526, 206
3887, 206
4005, 206
4000, 206
3990, 206
3873, 206
3593, 206
3339, 206
3108, 206
2914, 206
2737, 206
2581, 206
2416, 206
2256, 206
2095, 206
1920, 206
1756, 206
1636, 206
1513, 206
1424, 206
1379, 206
1358, 206
1370, 206
1385, 207
1418, 207
1446, 207
1461, 207
1489, 207
1520, 207
1520, 207
1514, 207
1499, 207
1479, 207
1472, 207
1452, 207
1437, 207
1408, 207
1395, 207
1383, 207
1362, 207
1344, 207
1346, 207
1339, 207
1344, 207
1351, 207
1354, 207
1360, 207
1376, 207
1377, 207
1388, 207
1366, 207
1371, 207
1375, 207
1365, 207
1363, 207
1355, 207
1358, 207
1362, 207
1360, 207
1360, 207
1374, 207
1395, 207
1427, 207
1513, 207
1666, 207
1869, 207
2135, 207
2426, 207
2747, 207
3082, 207
3407, 207
3717, 207
3886, 207
3903, 207
3792, 207
3574, 207
3327, 207
3090, 207
2882, 207
2694, 207
2516, 207
2335, 207
2166, 207
2000, 207
1833, 207
1670, 207
1526, 207
1415, 207
1339, 207
1291, 207
1277, 207
1278, 207
1301, 207
1344, 207
1382, 207
1435, 207
1471, 207
1489, 207
1509, 207
1519, 207
1526, 207
1522, 207
1513, 207
1495, 207
1477, 207
1456, 207
1442, 207
1423, 207
1411, 207
1392, 207
1373, 207
1369, 207
1375, 207
1377, 207
1377, 207
1383, 207
1392, 207
1401, 207
1401, 207
1407, 207
1404, 207
1405, 207
1394, 207
1403, 208
1390, 208
1392, 208
1392, 208
1391, 208
1393, 208
1399, 208
1409, 208
1447, 208
1502, 208
1611, 208
1778, 208
2013, 208
2291, 208
2587, 208
2887, 208
3184, 208
3